5 ,8 ,2 ;
6 ,4 ,2 ;
6 ,4 ,9 ;
6 ,5 ,4 ;
6 ,8 ,3 ;
6 ,8 ,1 ;
6 ,8 ,1 ;
6 ,8 ,1 ;
6 ,8 ,1 ;
6 ,8 ,1 ;
6 ,8 ,1 ;
6 ,8 ,1 ;
6 ,8 ,1 ;
6 ,8 ,1 ;
6 ,8 ,1 ;
6 ,8 ,1 ;
6 ,8 ,1 ;
6 ,8 ,1 ;
6 ,8 ,1 ;
6 ,8 ,1 ;
6 ,8 ,1 ;
6 ,8 ,1 ;
6 ,8 ,1 ;
6 ,8 ,1 ;
6 ,8 ,1 ;
6 ,8 ,1 ;
6 ,8 ,1 ;
6 ,8 ,1 ;
0 ,7 ,1 ;
0 ,7 ,1 ;
0 ,3 ,1 ;
0 ,3 ,1 ;
0 ,3 ,1 ;
6 ,3 ,1 ;
6 ,3 ,1 ;
6 ,3 ,1 ;
6 ,3 ,1 ;
6 ,3 ,1 ;
6 ,3 ,1 ;
6 ,3 ,1 ;
6 ,3 ,1 ;
6 ,3 ,1 ;
6 ,3 ,1 ;
6 ,3 ,1 ;
6 ,3 ,0 ;
6 ,3 ,0 ;
6 ,3 ,0 ;
6 ,3 ,0 ;
6 ,3 ,0 ;
6 ,3 ,5 ;
6 ,3 ,4 ;
6 ,3 ,4 ;
6 ,3 ,9 ;
7 ,3 ,1 ;
7 ,3 ,1 ;
7 ,3 ,1 ;
7 ,3 ,1 ;
7 ,3 ,1 ;
7 ,3 ,1 ;
7 ,3 ,1 ;
7 ,3 ,1 ;
1 ,3 ,1 ;
6 ,4 ,1 ;
7 ,0 ,1 ;
7 ,3 ,1 ;
9 ,6 ,1 ;
9 ,6 ,1 ;
9 ,6 ,1 ;
9 ,3 ,1 ;
9 ,1 ,1 ;
9 ,1 ,1 ;
9 ,1 ,1 ;
9 ,1 ,1 ;
9 ,1 ,1 ;
9 ,1 ,1 ;
9 ,1 ,1 ;
9 ,1 ,1 ;
9 ,1 ,1 ;
9 ,1 ,1 ;
9 ,1 ,1 ;
9 ,1 ,1 ;
9 ,1 ,1 ;
9 ,1 ,1 ;
9 ,1 ,1 ;
9 ,1 ,1 ;
9 ,1 ,1 ;
9 ,1 ,1 ;
9 ,1 ,1 ;
0 ,1 ,1 ;
0 ,1 ,1 ;
0 ,1 ,1 ;
6 ,1 ,1 ;
6 ,1 ,1 ;
6 ,1 ,1 ;
6 ,1 ,1 ;
6 ,1 ,1 ;
6 ,1 ,1 ;
6 ,1 ,1 ;
6 ,1 ,1 ;
6 ,1 ,1 ;
6 ,1 ,1 ;
6 ,1 ,1 ;
6 ,1 ,1 ;
6 ,1 ,1 ;
6 ,1 ,1 ;
6 ,1 ,1 ;
6 ,1 ,1 ;
6 ,1 ,1 ;
6 ,1 ,1 ;
6 ,1 ,1 ;
6 ,1 ,1 ;
6 ,1 ,1 ;
6 ,1 ,1 ;
6 ,1 ,1 ;
6 ,1 ,1 ;
6 ,1 ,1 ;
6 ,1 ,1 ;
6 ,1 ,1 ;
6 ,1 ,1 ;
6 ,1 ,1 ;
6 ,1 ,1 ;
6 ,1 ,1 ;
6 ,1 ,1 ;
6 ,1 ,1 ;
6 ,1 ,1 ;
6 ,1 ,1 ;
6 ,1 ,1 ;
6 ,1 ,1 ;
6 ,1 ,1 ;
6 ,1 ,1 ;
6 ,1 ,1 ;
6 ,1 ,1 ;
6 ,1 ,1 ;
6 ,1 ,1 ;
6 ,1 ,1 ;
6 ,1 ,1 ;
6 ,1 ,1 ;
6 ,1 ,1 ;
6 ,1 ,1 ;
6 ,1 ,1 ;
6 ,1 ,1 ;
6 ,1 ,1 ;
6 ,1 ,1 ;
6 ,1 ,1 ;
6 ,1 ,1 ;
6 ,1 ,1 ;
6 ,1 ,1 ;
6 ,1 ,1 ;
6 ,1 ,1 ;
6 ,1 ,1 ;
6 ,1 ,1 ;
6 ,1 ,1 ;
6 ,1 ,1 ;
6 ,1 ,1 ;
6 ,1 ,1 ;
6 ,1 ,1 ;
6 ,1 ,1 ;
6 ,1 ,1 ;
6 ,1 ,1 ;
6 ,1 ,1 ;
6 ,1 ,1 ;
5 ,1 ,1 ;
6 ,1 ,1 ;
5 ,1 ,1 ;
6 ,1 ,1 ;
6 ,1 ,1 ;
6 ,1 ,1 ;
6 ,1 ,1 ;
6 ,1 ,1 ;
6 ,1 ,1 ;
6 ,1 ,1 ;
6 ,1 ,1 ;
6 ,1 ,1 ;
6 ,1 ,1 ;
6 ,1 ,1 ;
6 ,1 ,1 ;
5 ,1 ,1 ;
6 ,1 ,1 ;
6 ,1 ,1 ;
6 ,1 ,1 ;
5 ,1 ,1 ;
5 ,1 ,1 ;
5 ,1 ,1 ;
5 ,1 ,1 ;
5 ,1 ,1 ;
5 ,1 ,1 ;
5 ,1 ,1 ;
5 ,1 ,1 ;
5 ,1 ,1 ;
5 ,1 ,1 ;
5 ,1 ,1 ;
5 ,1 ,1 ;
5 ,1 ,1 ;
5 ,1 ,1 ;
5 ,1 ,1 ;
5 ,1 ,1 ;
5 ,1 ,1 ;
5 ,1 ,1 ;
5 ,1 ,1 ;
5 ,1 ,1 ;
5 ,1 ,1 ;
5 ,1 ,1 ;
5 ,1 ,1 ;
5 ,1 ,1 ;
5 ,1 ,1 ;
5 ,1 ,1 ;
5 ,1 ,1 ;
5 ,1 ,1 ;
5 ,1 ,1 ;
5 ,1 ,1 ;
5 ,1 ,1 ;
5 ,1 ,1 ;
5 ,1 ,1 ;
5 ,1 ,1 ;
5 ,1 ,1 ;
5 ,1 ,1 ;
5 ,1 ,1 ;
5 ,1 ,1 ;
5 ,1 ,1 ;
5 ,1 ,1 ;
5 ,1 ,1 ;
5 ,1 ,1 ;
5 ,1 ,1 ;
5 ,1 ,1 ;
5 ,1 ,1 ;
5 ,1 ,1 ;
5 ,1 ,1 ;
5 ,1 ,1 ;
5 ,1 ,1 ;
5 ,1 ,1 ;
5 ,1 ,1 ;
5 ,1 ,1 ;
5 ,1 ,1 ;
5 ,1 ,1 ;
5 ,1 ,1 ;
5 ,1 ,1 ;
5 ,1 ,1 ;
5 ,1 ,1 ;
5 ,1 ,1 ;
5 ,1 ,1 ;
5 ,1 ,1 ;
5 ,1 ,1 ;
5 ,1 ,1 ;
5 ,1 ,1 ;
5 ,1 ,1 ;
5 ,1 ,1 ;
5 ,1 ,1 ;
5 ,1 ,1 ;
5 ,1 ,1 ;
5 ,1 ,1 ;
5 ,1 ,1 ;
5 ,1 ,1 ;
5 ,1 ,1 ;
5 ,1 ,1 ;
5 ,1 ,1 ;
5 ,1 ,1 ;
5 ,1 ,1 ;
5 ,1 ,1 ;
5 ,1 ,1 ;
5 ,1 ,1 ;
5 ,1 ,1 ;
5 ,1 ,1 ;
5 ,1 ,1 ;
5 ,1 ,1 ;
5 ,1 ,1 ;
5 ,1 ,1 ;
5 ,1 ,1 ;
5 ,1 ,1 ;
5 ,1 ,1 ;
5 ,1 ,1 ;
5 ,1 ,1 ;
5 ,1 ,1 ;
5 ,1 ,1 ;
5 ,1 ,1 ;
5 ,1 ,1 ;
5 ,1 ,1 ;
5 ,1 ,1 ;
5 ,1 ,1 ;
5 ,1 ,1 ;
5 ,1 ,1 ;
5 ,1 ,1 ;
5 ,1 ,1 ;
5 ,1 ,1 ;
5 ,1 ,1 ;
5 ,1 ,1 ;
5 ,1 ,1 ;
5 ,1 ,1 ;
5 ,1 ,1 ;
5 ,1 ,1 ;
5 ,1 ,1 ;
5 ,1 ,1 ;
5 ,1 ,1 ;
5 ,1 ,1 ;
5 ,1 ,1 ;
5 ,1 ,1 ;
5 ,1 ,1 ;
5 ,1 ,1 ;
5 ,1 ,1 ;
5 ,1 ,1 ;
5 ,1 ,1 ;
5 ,1 ,1 ;
5 ,1 ,1 ;
5 ,1 ,1 ;
5 ,1 ,1 ;
5 ,1 ,1 ;
5 ,1 ,1 ;
5 ,1 ,1 ;
5 ,1 ,1 ;
5 ,1 ,1 ;
5 ,1 ,1 ;
5 ,1 ,1 ;
5 ,1 ,1 ;
5 ,1 ,1 ;
5 ,1 ,1 ;
5 ,1 ,1 ;
5 ,1 ,1 ;
5 ,1 ,1 ;
5 ,1 ,1 ;
5 ,1 ,1 ;
5 ,1 ,1 ;
5 ,1 ,1 ;
5 ,1 ,1 ;
5 ,1 ,1 ;
5 ,1 ,1 ;
5 ,1 ,1 ;
5 ,1 ,1 ;
5 ,1 ,1 ;
5 ,1 ,1 ;
5 ,1 ,1 ;
5 ,1 ,1 ;
5 ,1 ,1 ;
5 ,1 ,1 ;
5 ,1 ,1 ;
5 ,1 ,1 ;
5 ,1 ,1 ;
5 ,1 ,1 ;
5 ,1 ,1 ;
5 ,1 ,1 ;
5 ,1 ,1 ;
5 ,1 ,1 ;
5 ,1 ,1 ;
5 ,1 ,1 ;
5 ,1 ,1 ;
5 ,1 ,1 ;
5 ,1 ,1 ;
5 ,1 ,1 ;
5 ,1 ,1 ;
5 ,1 ,1 ;
5 ,1 ,1 ;
5 ,1 ,1 ;
5 ,1 ,1 ;
5 ,1 ,1 ;
5 ,1 ,1 ;
5 ,1 ,1 ;
5 ,1 ,1 ;
5 ,1 ,1 ;
5 ,1 ,1 ;
5 ,1 ,1 ;
5 ,1 ,1 ;
5 ,1 ,1 ;
5 ,1 ,1 ;
5 ,1 ,1 ;
5 ,1 ,1 ;
5 ,1 ,1 ;
5 ,1 ,1 ;
5 ,1 ,1 ;
5 ,1 ,1 ;
5 ,1 ,1 ;
5 ,1 ,1 ;
5 ,1 ,1 ;
5 ,1 ,1 ;
5 ,1 ,1 ;
5 ,1 ,1 ;
5 ,1 ,1 ;
5 ,1 ,1 ;
5 ,1 ,1 ;
5 ,1 ,1 ;
5 ,1 ,1 ;
5 ,1 ,1 ;
5 ,1 ,1 ;
5 ,1 ,1 ;
5 ,1 ,1 ;
5 ,1 ,1 ;
5 ,1 ,1 ;
5 ,1 ,1 ;
5 ,1 ,1 ;
5 ,1 ,1 ;
5 ,1 ,1 ;
6 ,1 ,1 ;
5 ,1 ,1 ;
5 ,1 ,1 ;
5 ,1 ,1 ;
5 ,1 ,1 ;
5 ,1 ,1 ;
5 ,1 ,1 ;
5 ,1 ,1 ;
5 ,1 ,1 ;
5 ,1 ,1 ;
5 ,1 ,1 ;
5 ,1 ,1 ;
5 ,1 ,1 ;
5 ,1 ,1 ;
5 ,1 ,1 ;
5 ,1 ,1 ;
5 ,1 ,1 ;
5 ,1 ,1 ;
5 ,1 ,1 ;
5 ,1 ,1 ;
5 ,1 ,1 ;
5 ,1 ,1 ;
5 ,1 ,1 ;
5 ,1 ,1 ;
5 ,1 ,1 ;
5 ,1 ,1 ;
5 ,1 ,1 ;
5 ,1 ,1 ;
5 ,1 ,1 ;
5 ,1 ,1 ;
5 ,1 ,1 ;
5 ,1 ,1 ;
5 ,1 ,1 ;
5 ,1 ,1 ;
5 ,1 ,1 ;
5 ,1 ,1 ;
5 ,1 ,1 ;
5 ,1 ,1 ;
5 ,1 ,1 ;
5 ,1 ,1 ;
5 ,1 ,1 ;
5 ,1 ,1 ;
5 ,1 ,1 ;
0 ,1 ,1 ;
0 ,1 ,1 ;
0 ,1 ,1 ;
0 ,1 ,1 ;
0 ,1 ,1 ;
0 ,1 ,1 ;
0 ,1 ,1 ;
0 ,1 ,1 ;
0 ,1 ,1 ;
0 ,1 ,1 ;
5 ,1 ,1 ;
5 ,1 ,1 ;
5 ,1 ,1 ;
5 ,1 ,1 ;
5 ,1 ,1 ;
5 ,1 ,1 ;
5 ,1 ,1 ;
5 ,1 ,1 ;
5 ,1 ,1 ;
5 ,1 ,1 ;
5 ,1 ,1 ;
5 ,1 ,1 ;
5 ,1 ,1 ;
5 ,1 ,1 ;
5 ,1 ,1 ;
5 ,1 ,1 ;
5 ,1 ,1 ;
5 ,1 ,1 ;
5 ,1 ,1 ;
5 ,1 ,1 ;
5 ,1 ,1 ;
5 ,1 ,1 ;
5 ,1 ,1 ;
5 ,1 ,1 ;
5 ,1 ,1 ;
5 ,1 ,1 ;
5 ,1 ,1 ;
5 ,1 ,1 ;
5 ,1 ,1 ;
5 ,1 ,1 ;
5 ,1 ,1 ;
5 ,1 ,1 ;
5 ,1 ,1 ;
5 ,1 ,1 ;
5 ,1 ,1 ;
5 ,1 ,1 ;
2 ,1 ,1 ;
2 ,1 ,1 ;
2 ,1 ,1 ;
2 ,1 ,1 ;
2 ,1 ,1 ;
2 ,1 ,1 ;
2 ,1 ,1 ;
2 ,1 ,1 ;
2 ,1 ,1 ;
2 ,1 ,1 ;
2 ,1 ,1 ;
2 ,1 ,1 ;
2 ,1 ,1 ;
2 ,1 ,1 ;
2 ,1 ,1 ;
2 ,1 ,1 ;
2 ,1 ,1 ;
2 ,1 ,1 ;
2 ,1 ,1 ;
2 ,1 ,1 ;
2 ,1 ,1 ;
2 ,1 ,1 ;
2 ,1 ,1 ;
2 ,1 ,1 ;
2 ,1 ,1 ;
2 ,1 ,1 ;
2 ,1 ,1 ;
2 ,1 ,1 ;
2 ,1 ,1 ;
2 ,1 ,1 ;
2 ,1 ,1 ;
2 ,1 ,1 ;
2 ,1 ,1 ;
2 ,1 ,1 ;
2 ,1 ,1 ;
2 ,1 ,1 ;
2 ,1 ,1 ;
2 ,1 ,1 ;
2 ,1 ,1 ;
2 ,1 ,1 ;
2 ,1 ,1 ;
2 ,1 ,1 ;
2 ,1 ,1 ;
2 ,1 ,1 ;
2 ,1 ,1 ;
2 ,1 ,1 ;
2 ,1 ,1 ;
2 ,1 ,1 ;
2 ,1 ,1 ;
2 ,1 ,1 ;
2 ,1 ,1 ;
2 ,1 ,1 ;
2 ,1 ,1 ;
2 ,1 ,1 ;
2 ,1 ,1 ;
2 ,1 ,1 ;
2 ,1 ,1 ;
2 ,1 ,1 ;
2 ,1 ,1 ;
2 ,1 ,1 ;
2 ,1 ,1 ;
2 ,1 ,1 ;
2 ,1 ,1 ;
2 ,1 ,1 ;
2 ,1 ,1 ;
2 ,1 ,1 ;
2 ,1 ,1 ;
2 ,1 ,1 ;
2 ,1 ,1 ;
2 ,1 ,1 ;
2 ,1 ,1 ;
2 ,1 ,1 ;
2 ,1 ,1 ;
2 ,1 ,1 ;
2 ,1 ,1 ;
2 ,1 ,1 ;
2 ,1 ,1 ;
2 ,1 ,1 ;
2 ,1 ,1 ;
2 ,1 ,1 ;
2 ,1 ,1 ;
2 ,1 ,1 ;
2 ,1 ,1 ;
2 ,1 ,1 ;
2 ,1 ,1 ;
2 ,1 ,1 ;
2 ,1 ,1 ;
2 ,1 ,1 ;
2 ,1 ,1 ;
2 ,1 ,1 ;
2 ,1 ,1 ;
2 ,1 ,1 ;
2 ,1 ,1 ;
2 ,1 ,1 ;
2 ,1 ,1 ;
2 ,1 ,1 ;
2 ,1 ,1 ;
2 ,1 ,1 ;
2 ,1 ,1 ;
2 ,1 ,1 ;
2 ,1 ,1 ;
2 ,1 ,1 ;
2 ,1 ,1 ;
2 ,1 ,1 ;
2 ,1 ,1 ;
2 ,1 ,1 ;
2 ,1 ,1 ;
2 ,1 ,1 ;
2 ,1 ,1 ;
2 ,1 ,1 ;
2 ,1 ,1 ;
2 ,1 ,1 ;
2 ,1 ,1 ;
2 ,1 ,1 ;
2 ,1 ,1 ;
2 ,1 ,1 ;
2 ,1 ,1 ;
2 ,1 ,1 ;
2 ,1 ,1 ;
2 ,1 ,1 ;
2 ,1 ,1 ;
2 ,1 ,1 ;
2 ,1 ,1 ;
2 ,1 ,1 ;
2 ,1 ,1 ;
2 ,1 ,1 ;
2 ,1 ,1 ;
2 ,1 ,1 ;
2 ,1 ,1 ;
2 ,1 ,1 ;
2 ,1 ,1 ;
2 ,1 ,1 ;
2 ,1 ,1 ;
2 ,1 ,1 ;
2 ,1 ,1 ;
2 ,1 ,1 ;
2 ,1 ,1 ;
2 ,1 ,1 ;
2 ,1 ,1 ;
2 ,1 ,1 ;
2 ,1 ,1 ;
2 ,1 ,1 ;
2 ,1 ,1 ;
2 ,1 ,1 ;
2 ,1 ,1 ;
2 ,1 ,1 ;
2 ,1 ,1 ;
2 ,1 ,1 ;
2 ,1 ,1 ;
2 ,1 ,1 ;
2 ,1 ,1 ;
2 ,1 ,1 ;
5 ,1 ,1 ;
5 ,1 ,1 ;
5 ,1 ,1 ;
5 ,1 ,1 ;
5 ,1 ,1 ;
5 ,1 ,1 ;
5 ,1 ,1 ;
5 ,1 ,1 ;
5 ,1 ,1 ;
5 ,1 ,1 ;
5 ,1 ,1 ;
5 ,1 ,1 ;
5 ,1 ,1 ;
5 ,1 ,1 ;
5 ,1 ,1 ;
5 ,1 ,1 ;
5 ,1 ,1 ;
5 ,1 ,1 ;
5 ,1 ,1 ;
5 ,1 ,1 ;
5 ,1 ,1 ;
5 ,1 ,1 ;
5 ,1 ,1 ;
5 ,1 ,1 ;
5 ,1 ,1 ;
5 ,1 ,1 ;
5 ,1 ,1 ;
5 ,1 ,1 ;
5 ,1 ,1 ;
5 ,1 ,1 ;
5 ,1 ,1 ;
5 ,1 ,1 ;
5 ,1 ,1 ;
5 ,1 ,1 ;
5 ,1 ,1 ;
5 ,1 ,1 ;
5 ,1 ,1 ;
5 ,1 ,1 ;
5 ,1 ,1 ;
5 ,1 ,1 ;
5 ,1 ,1 ;
5 ,0 ,1 ;
5 ,0 ,1 ;
2 ,0 ,1 ;
2 ,0 ,1 ;
2 ,0 ,1 ;
2 ,0 ,1 ;
2 ,0 ,1 ;
2 ,0 ,1 ;
2 ,0 ,1 ;
2 ,0 ,1 ;
2 ,0 ,1 ;
2 ,0 ,1 ;
2 ,0 ,1 ;
2 ,0 ,1 ;
2 ,0 ,1 ;
2 ,0 ,1 ;
2 ,0 ,1 ;
2 ,0 ,1 ;
2 ,0 ,1 ;
2 ,0 ,1 ;
2 ,0 ,1 ;
2 ,0 ,1 ;
2 ,0 ,1 ;
2 ,0 ,1 ;
2 ,0 ,1 ;
2 ,0 ,1 ;
2 ,0 ,1 ;
2 ,0 ,1 ;
2 ,0 ,1 ;
2 ,0 ,1 ;
2 ,0 ,1 ;
5 ,0 ,1 ;
2 ,0 ,1 ;
2 ,0 ,1 ;
2 ,0 ,1 ;
2 ,0 ,1 ;
2 ,0 ,1 ;
2 ,0 ,1 ;
2 ,0 ,1 ;
2 ,0 ,1 ;
2 ,0 ,1 ;
2 ,0 ,1 ;
2 ,0 ,1 ;
2 ,0 ,1 ;
2 ,0 ,1 ;
2 ,0 ,1 ;
2 ,0 ,1 ;
2 ,0 ,1 ;
2 ,0 ,1 ;
2 ,0 ,1 ;
2 ,0 ,1 ;
2 ,0 ,1 ;
2 ,0 ,1 ;
2 ,0 ,1 ;
2 ,0 ,1 ;
2 ,0 ,1 ;
2 ,0 ,1 ;
2 ,0 ,1 ;
2 ,0 ,1 ;
2 ,0 ,1 ;
2 ,0 ,1 ;
2 ,0 ,1 ;
2 ,0 ,1 ;
2 ,0 ,1 ;
2 ,0 ,1 ;
2 ,0 ,1 ;
2 ,0 ,1 ;
2 ,0 ,1 ;
2 ,0 ,1 ;
2 ,0 ,1 ;
2 ,0 ,1 ;
5 ,0 ,1 ;
5 ,0 ,1 ;
2 ,0 ,1 ;
5 ,0 ,1 ;
5 ,0 ,1 ;
5 ,0 ,1 ;
5 ,0 ,1 ;
5 ,0 ,1 ;
5 ,0 ,1 ;
5 ,0 ,1 ;
5 ,0 ,1 ;
5 ,0 ,1 ;
5 ,0 ,1 ;
5 ,0 ,1 ;
5 ,0 ,1 ;
5 ,0 ,1 ;
5 ,0 ,1 ;
5 ,0 ,1 ;
5 ,0 ,1 ;
5 ,0 ,1 ;
2 ,0 ,1 ;
2 ,0 ,1 ;
2 ,0 ,1 ;
2 ,0 ,1 ;
5 ,0 ,1 ;
2 ,0 ,1 ;
2 ,0 ,1 ;
2 ,0 ,1 ;
2 ,0 ,1 ;
2 ,0 ,1 ;
2 ,0 ,1 ;
2 ,0 ,1 ;
2 ,0 ,1 ;
2 ,0 ,1 ;
2 ,0 ,1 ;
2 ,0 ,1 ;
2 ,0 ,1 ;
2 ,0 ,1 ;
5 ,0 ,1 ;
2 ,0 ,1 ;
2 ,0 ,1 ;
2 ,0 ,1 ;
2 ,0 ,1 ;
2 ,0 ,1 ;
2 ,0 ,1 ;
2 ,0 ,1 ;
2 ,0 ,1 ;
5 ,0 ,1 ;
2 ,0 ,1 ;
2 ,0 ,1 ;
2 ,0 ,1 ;
5 ,0 ,1 ;
5 ,0 ,1 ;
2 ,0 ,1 ;
5 ,0 ,1 ;
5 ,0 ,1 ;
5 ,0 ,1 ;
5 ,0 ,1 ;
5 ,0 ,1 ;
5 ,0 ,1 ;
5 ,0 ,1 ;
5 ,0 ,1 ;
5 ,0 ,1 ;
5 ,0 ,1 ;
5 ,0 ,1 ;
5 ,0 ,1 ;
5 ,0 ,1 ;
5 ,0 ,1 ;
5 ,0 ,1 ;
5 ,0 ,1 ;
5 ,0 ,1 ;
5 ,0 ,1 ;
5 ,0 ,1 ;
5 ,0 ,1 ;
5 ,0 ,1 ;
5 ,0 ,1 ;
5 ,0 ,1 ;
5 ,0 ,1 ;
5 ,0 ,1 ;
5 ,0 ,1 ;
5 ,0 ,1 ;
5 ,0 ,1 ;
5 ,0 ,1 ;
5 ,0 ,1 ;
5 ,0 ,1 ;
5 ,0 ,1 ;
5 ,0 ,1 ;
5 ,0 ,1 ;
5 ,0 ,1 ;
5 ,0 ,1 ;
5 ,0 ,1 ;
5 ,0 ,1 ;
5 ,0 ,1 ;
5 ,0 ,1 ;
5 ,0 ,1 ;
5 ,0 ,1 ;
5 ,0 ,1 ;
5 ,0 ,1 ;
5 ,0 ,1 ;
5 ,0 ,1 ;
5 ,0 ,1 ;
5 ,0 ,1 ;
5 ,0 ,1 ;
5 ,0 ,1 ;
5 ,0 ,1 ;
5 ,0 ,1 ;
5 ,0 ,1 ;
5 ,0 ,1 ;
5 ,0 ,1 ;
5 ,0 ,1 ;
5 ,0 ,1 ;
5 ,0 ,1 ;
5 ,0 ,1 ;
5 ,0 ,1 ;
5 ,0 ,1 ;
5 ,0 ,1 ;
5 ,0 ,1 ;
5 ,0 ,1 ;
5 ,0 ,1 ;
5 ,0 ,1 ;
5 ,0 ,1 ;
5 ,0 ,1 ;
5 ,0 ,1 ;
5 ,0 ,1 ;
5 ,0 ,1 ;
5 ,0 ,1 ;
5 ,0 ,1 ;
5 ,0 ,1 ;
5 ,0 ,1 ;
5 ,0 ,1 ;
5 ,0 ,1 ;
5 ,0 ,1 ;
5 ,0 ,1 ;
5 ,0 ,1 ;
5 ,0 ,1 ;
5 ,0 ,1 ;
5 ,0 ,1 ;
5 ,0 ,1 ;
5 ,0 ,1 ;
5 ,0 ,1 ;
5 ,0 ,1 ;
5 ,0 ,1 ;
5 ,0 ,1 ;
5 ,0 ,1 ;
5 ,0 ,1 ;
5 ,0 ,1 ;
5 ,0 ,1 ;
5 ,0 ,1 ;
