1 ,6 ,0 ;
1 ,0 ,4 ;
1 ,0 ,4 ;
6 ,6 ,0 ;
9 ,1 ,8 ;
3 ,2 ,0 ;
3 ,5 ,3 ;
3 ,5 ,3 ;
3 ,5 ,3 ;
3 ,5 ,3 ;
0 ,5 ,6 ;
0 ,5 ,4 ;
0 ,5 ,3 ;
0 ,9 ,3 ;
0 ,7 ,5 ;
0 ,7 ,3 ;
6 ,7 ,3 ;
6 ,7 ,3 ;
6 ,8 ,3 ;
6 ,8 ,3 ;
6 ,8 ,3 ;
6 ,8 ,3 ;
6 ,1 ,8 ;
6 ,4 ,2 ;
6 ,1 ,4 ;
6 ,1 ,9 ;
6 ,1 ,7 ;
6 ,1 ,5 ;
6 ,9 ,5 ;
6 ,5 ,2 ;
6 ,3 ,0 ;
6 ,3 ,0 ;
6 ,3 ,0 ;
6 ,3 ,0 ;
6 ,3 ,0 ;
6 ,3 ,0 ;
6 ,3 ,0 ;
6 ,3 ,0 ;
6 ,3 ,0 ;
6 ,3 ,0 ;
6 ,3 ,0 ;
6 ,3 ,0 ;
6 ,3 ,0 ;
6 ,3 ,0 ;
6 ,3 ,0 ;
6 ,3 ,1 ;
6 ,3 ,3 ;
6 ,3 ,3 ;
6 ,3 ,1 ;
6 ,3 ,1 ;
6 ,3 ,1 ;
6 ,3 ,1 ;
6 ,3 ,1 ;
6 ,3 ,1 ;
6 ,3 ,1 ;
6 ,3 ,1 ;
6 ,3 ,1 ;
6 ,3 ,1 ;
6 ,3 ,1 ;
6 ,3 ,1 ;
6 ,3 ,1 ;
6 ,3 ,1 ;
6 ,3 ,1 ;
6 ,3 ,1 ;
6 ,3 ,1 ;
6 ,3 ,1 ;
6 ,3 ,1 ;
6 ,3 ,1 ;
6 ,3 ,1 ;
6 ,3 ,1 ;
6 ,3 ,1 ;
6 ,3 ,1 ;
9 ,3 ,1 ;
9 ,3 ,1 ;
9 ,3 ,1 ;
9 ,3 ,1 ;
9 ,3 ,1 ;
4 ,1 ,1 ;
4 ,1 ,1 ;
4 ,1 ,1 ;
4 ,1 ,1 ;
4 ,1 ,1 ;
6 ,1 ,1 ;
6 ,1 ,1 ;
6 ,1 ,1 ;
6 ,1 ,1 ;
6 ,1 ,1 ;
6 ,1 ,1 ;
6 ,3 ,1 ;
6 ,3 ,1 ;
6 ,1 ,1 ;
6 ,1 ,1 ;
6 ,1 ,1 ;
6 ,1 ,1 ;
6 ,1 ,1 ;
6 ,1 ,1 ;
6 ,1 ,1 ;
6 ,1 ,1 ;
6 ,1 ,1 ;
6 ,1 ,1 ;
6 ,1 ,1 ;
6 ,1 ,1 ;
6 ,1 ,1 ;
6 ,1 ,1 ;
6 ,1 ,1 ;
6 ,1 ,1 ;
6 ,1 ,1 ;
6 ,1 ,1 ;
6 ,1 ,1 ;
6 ,1 ,1 ;
6 ,1 ,1 ;
6 ,1 ,1 ;
6 ,1 ,1 ;
6 ,1 ,1 ;
6 ,1 ,1 ;
6 ,1 ,1 ;
6 ,1 ,1 ;
6 ,1 ,1 ;
6 ,1 ,1 ;
5 ,1 ,1 ;
5 ,1 ,1 ;
0 ,1 ,1 ;
0 ,1 ,1 ;
0 ,1 ,1 ;
0 ,1 ,1 ;
0 ,1 ,1 ;
0 ,1 ,1 ;
0 ,1 ,1 ;
0 ,1 ,1 ;
0 ,1 ,1 ;
0 ,1 ,1 ;
0 ,1 ,1 ;
0 ,1 ,1 ;
0 ,1 ,1 ;
0 ,1 ,1 ;
0 ,1 ,1 ;
0 ,1 ,1 ;
0 ,1 ,1 ;
0 ,1 ,1 ;
0 ,1 ,1 ;
0 ,1 ,1 ;
0 ,1 ,1 ;
0 ,1 ,1 ;
0 ,1 ,1 ;
0 ,1 ,1 ;
0 ,1 ,1 ;
0 ,1 ,1 ;
0 ,1 ,1 ;
0 ,1 ,1 ;
0 ,1 ,1 ;
0 ,1 ,1 ;
0 ,1 ,1 ;
0 ,1 ,1 ;
0 ,1 ,1 ;
0 ,1 ,1 ;
0 ,1 ,1 ;
0 ,1 ,1 ;
0 ,1 ,1 ;
0 ,1 ,1 ;
0 ,1 ,1 ;
0 ,1 ,1 ;
0 ,1 ,1 ;
0 ,1 ,1 ;
0 ,1 ,1 ;
0 ,1 ,1 ;
0 ,1 ,1 ;
0 ,1 ,1 ;
0 ,1 ,1 ;
0 ,1 ,1 ;
0 ,1 ,1 ;
0 ,1 ,1 ;
0 ,1 ,1 ;
0 ,1 ,1 ;
0 ,1 ,1 ;
5 ,1 ,1 ;
5 ,1 ,1 ;
5 ,1 ,1 ;
5 ,1 ,1 ;
5 ,1 ,1 ;
5 ,1 ,1 ;
5 ,1 ,1 ;
5 ,1 ,1 ;
5 ,1 ,1 ;
5 ,1 ,1 ;
5 ,1 ,1 ;
5 ,1 ,1 ;
5 ,1 ,1 ;
5 ,1 ,1 ;
5 ,1 ,1 ;
5 ,1 ,1 ;
5 ,1 ,1 ;
5 ,1 ,1 ;
5 ,1 ,1 ;
5 ,1 ,1 ;
5 ,1 ,1 ;
5 ,1 ,1 ;
5 ,1 ,1 ;
5 ,1 ,1 ;
5 ,1 ,1 ;
5 ,1 ,1 ;
5 ,1 ,1 ;
5 ,1 ,1 ;
5 ,1 ,1 ;
5 ,1 ,1 ;
5 ,1 ,1 ;
5 ,1 ,1 ;
5 ,1 ,1 ;
5 ,1 ,1 ;
5 ,1 ,1 ;
5 ,1 ,1 ;
5 ,1 ,1 ;
5 ,1 ,1 ;
5 ,1 ,1 ;
5 ,1 ,1 ;
5 ,1 ,1 ;
5 ,1 ,1 ;
5 ,1 ,1 ;
5 ,1 ,1 ;
5 ,1 ,1 ;
5 ,1 ,1 ;
5 ,1 ,1 ;
5 ,1 ,1 ;
5 ,1 ,1 ;
5 ,1 ,1 ;
5 ,1 ,1 ;
5 ,1 ,1 ;
5 ,1 ,1 ;
5 ,1 ,1 ;
5 ,1 ,1 ;
5 ,1 ,1 ;
5 ,1 ,1 ;
5 ,1 ,1 ;
5 ,1 ,1 ;
5 ,1 ,1 ;
5 ,1 ,1 ;
5 ,1 ,1 ;
5 ,1 ,1 ;
5 ,1 ,1 ;
5 ,1 ,1 ;
5 ,1 ,1 ;
5 ,1 ,1 ;
5 ,1 ,1 ;
5 ,1 ,1 ;
5 ,1 ,1 ;
5 ,1 ,1 ;
5 ,1 ,1 ;
5 ,1 ,1 ;
5 ,1 ,1 ;
5 ,1 ,1 ;
1 ,1 ,1 ;
1 ,1 ,1 ;
1 ,1 ,1 ;
1 ,1 ,1 ;
1 ,1 ,1 ;
1 ,1 ,1 ;
1 ,1 ,1 ;
1 ,1 ,1 ;
1 ,1 ,1 ;
1 ,1 ,1 ;
1 ,1 ,1 ;
1 ,1 ,1 ;
8 ,1 ,1 ;
8 ,1 ,1 ;
5 ,1 ,1 ;
5 ,1 ,1 ;
5 ,1 ,1 ;
5 ,1 ,1 ;
5 ,1 ,1 ;
5 ,1 ,1 ;
5 ,1 ,1 ;
5 ,1 ,1 ;
5 ,1 ,1 ;
5 ,1 ,1 ;
5 ,1 ,1 ;
5 ,1 ,1 ;
5 ,1 ,1 ;
5 ,1 ,1 ;
5 ,1 ,1 ;
5 ,1 ,1 ;
5 ,1 ,1 ;
5 ,1 ,1 ;
5 ,1 ,1 ;
5 ,1 ,1 ;
5 ,1 ,1 ;
5 ,1 ,1 ;
5 ,1 ,1 ;
5 ,1 ,1 ;
5 ,1 ,1 ;
5 ,1 ,1 ;
5 ,1 ,1 ;
5 ,1 ,1 ;
5 ,1 ,1 ;
5 ,1 ,1 ;
5 ,1 ,1 ;
5 ,1 ,1 ;
5 ,1 ,1 ;
5 ,1 ,1 ;
5 ,1 ,1 ;
5 ,1 ,1 ;
5 ,1 ,1 ;
5 ,1 ,1 ;
5 ,1 ,1 ;
5 ,1 ,1 ;
5 ,1 ,1 ;
5 ,1 ,1 ;
5 ,1 ,1 ;
5 ,1 ,1 ;
5 ,1 ,1 ;
5 ,1 ,1 ;
5 ,1 ,1 ;
5 ,1 ,1 ;
5 ,1 ,1 ;
5 ,1 ,1 ;
5 ,1 ,1 ;
5 ,1 ,1 ;
5 ,1 ,1 ;
5 ,1 ,1 ;
5 ,1 ,1 ;
5 ,1 ,1 ;
5 ,1 ,1 ;
5 ,1 ,1 ;
5 ,1 ,1 ;
5 ,1 ,1 ;
5 ,1 ,1 ;
5 ,1 ,1 ;
5 ,1 ,1 ;
5 ,1 ,1 ;
5 ,1 ,1 ;
5 ,1 ,1 ;
5 ,1 ,1 ;
5 ,1 ,1 ;
5 ,1 ,1 ;
5 ,1 ,1 ;
5 ,1 ,1 ;
5 ,1 ,1 ;
5 ,1 ,1 ;
5 ,1 ,1 ;
5 ,1 ,1 ;
5 ,1 ,1 ;
5 ,1 ,1 ;
5 ,1 ,1 ;
5 ,1 ,1 ;
5 ,1 ,1 ;
5 ,1 ,1 ;
5 ,1 ,1 ;
5 ,1 ,1 ;
5 ,1 ,1 ;
5 ,1 ,1 ;
5 ,1 ,1 ;
5 ,1 ,1 ;
5 ,1 ,1 ;
5 ,1 ,1 ;
5 ,1 ,1 ;
5 ,1 ,1 ;
5 ,1 ,1 ;
5 ,1 ,1 ;
5 ,1 ,1 ;
5 ,1 ,1 ;
5 ,1 ,1 ;
5 ,1 ,1 ;
5 ,1 ,1 ;
5 ,1 ,1 ;
5 ,1 ,1 ;
5 ,1 ,1 ;
5 ,1 ,1 ;
5 ,1 ,1 ;
5 ,1 ,1 ;
5 ,1 ,1 ;
5 ,1 ,1 ;
5 ,1 ,1 ;
5 ,1 ,1 ;
5 ,1 ,1 ;
5 ,1 ,1 ;
5 ,1 ,1 ;
5 ,1 ,1 ;
5 ,1 ,1 ;
5 ,1 ,1 ;
5 ,1 ,1 ;
5 ,1 ,1 ;
5 ,1 ,1 ;
5 ,1 ,1 ;
5 ,1 ,1 ;
5 ,1 ,1 ;
5 ,1 ,1 ;
5 ,1 ,1 ;
5 ,1 ,1 ;
5 ,1 ,1 ;
5 ,1 ,1 ;
5 ,1 ,1 ;
5 ,1 ,1 ;
5 ,1 ,1 ;
5 ,1 ,1 ;
5 ,1 ,1 ;
5 ,1 ,1 ;
5 ,1 ,1 ;
5 ,1 ,1 ;
5 ,1 ,1 ;
5 ,1 ,1 ;
5 ,1 ,1 ;
5 ,1 ,1 ;
5 ,1 ,1 ;
5 ,1 ,1 ;
5 ,1 ,1 ;
5 ,1 ,1 ;
5 ,1 ,1 ;
5 ,1 ,1 ;
5 ,1 ,1 ;
5 ,1 ,1 ;
5 ,1 ,1 ;
5 ,1 ,1 ;
5 ,1 ,1 ;
5 ,1 ,1 ;
5 ,1 ,1 ;
5 ,1 ,1 ;
5 ,1 ,1 ;
5 ,1 ,1 ;
5 ,1 ,1 ;
5 ,1 ,1 ;
5 ,1 ,1 ;
5 ,1 ,1 ;
5 ,1 ,1 ;
5 ,1 ,1 ;
5 ,1 ,1 ;
5 ,1 ,1 ;
5 ,1 ,1 ;
5 ,1 ,1 ;
5 ,1 ,1 ;
5 ,1 ,1 ;
5 ,1 ,1 ;
5 ,1 ,1 ;
2 ,1 ,1 ;
2 ,1 ,1 ;
2 ,1 ,1 ;
2 ,1 ,1 ;
2 ,1 ,1 ;
2 ,1 ,1 ;
2 ,1 ,1 ;
2 ,1 ,1 ;
2 ,1 ,1 ;
2 ,1 ,1 ;
2 ,1 ,1 ;
2 ,1 ,1 ;
2 ,1 ,1 ;
2 ,1 ,1 ;
2 ,1 ,1 ;
2 ,1 ,1 ;
2 ,1 ,1 ;
2 ,1 ,1 ;
2 ,1 ,1 ;
2 ,1 ,1 ;
2 ,1 ,1 ;
2 ,1 ,1 ;
2 ,1 ,1 ;
2 ,1 ,1 ;
2 ,1 ,1 ;
2 ,1 ,1 ;
2 ,1 ,1 ;
2 ,1 ,1 ;
2 ,1 ,1 ;
2 ,1 ,1 ;
2 ,1 ,1 ;
2 ,1 ,1 ;
2 ,1 ,1 ;
2 ,1 ,1 ;
2 ,1 ,1 ;
2 ,1 ,1 ;
2 ,1 ,1 ;
2 ,1 ,1 ;
2 ,1 ,1 ;
2 ,1 ,1 ;
2 ,1 ,1 ;
2 ,1 ,1 ;
2 ,1 ,1 ;
2 ,1 ,1 ;
2 ,1 ,1 ;
2 ,1 ,1 ;
2 ,1 ,1 ;
2 ,1 ,1 ;
2 ,1 ,1 ;
2 ,1 ,1 ;
2 ,1 ,1 ;
2 ,1 ,1 ;
2 ,1 ,1 ;
2 ,1 ,1 ;
2 ,1 ,1 ;
2 ,1 ,1 ;
2 ,1 ,1 ;
2 ,1 ,1 ;
2 ,1 ,1 ;
2 ,1 ,1 ;
2 ,1 ,1 ;
2 ,1 ,1 ;
2 ,1 ,1 ;
2 ,1 ,1 ;
2 ,1 ,1 ;
2 ,1 ,1 ;
2 ,1 ,1 ;
2 ,1 ,1 ;
2 ,1 ,1 ;
2 ,1 ,1 ;
2 ,1 ,1 ;
2 ,1 ,1 ;
2 ,1 ,1 ;
2 ,1 ,1 ;
2 ,1 ,1 ;
2 ,1 ,1 ;
2 ,1 ,1 ;
2 ,1 ,1 ;
2 ,1 ,1 ;
2 ,1 ,1 ;
2 ,1 ,1 ;
2 ,1 ,1 ;
2 ,1 ,1 ;
2 ,1 ,1 ;
2 ,1 ,1 ;
2 ,1 ,1 ;
2 ,0 ,1 ;
2 ,0 ,1 ;
2 ,0 ,1 ;
2 ,0 ,1 ;
2 ,0 ,1 ;
2 ,0 ,1 ;
2 ,0 ,1 ;
2 ,0 ,1 ;
2 ,0 ,1 ;
2 ,0 ,1 ;
2 ,0 ,1 ;
2 ,0 ,1 ;
2 ,0 ,1 ;
2 ,0 ,1 ;
2 ,0 ,1 ;
2 ,0 ,1 ;
2 ,0 ,1 ;
2 ,0 ,1 ;
2 ,0 ,1 ;
2 ,0 ,1 ;
2 ,0 ,1 ;
2 ,0 ,1 ;
2 ,0 ,1 ;
2 ,0 ,1 ;
2 ,0 ,1 ;
2 ,0 ,1 ;
2 ,0 ,1 ;
2 ,0 ,1 ;
2 ,0 ,1 ;
2 ,0 ,1 ;
2 ,0 ,1 ;
2 ,0 ,1 ;
2 ,0 ,1 ;
2 ,0 ,1 ;
2 ,0 ,1 ;
2 ,0 ,1 ;
2 ,0 ,1 ;
2 ,0 ,1 ;
2 ,0 ,1 ;
2 ,0 ,1 ;
2 ,0 ,1 ;
2 ,0 ,1 ;
2 ,0 ,1 ;
2 ,0 ,1 ;
2 ,0 ,1 ;
2 ,0 ,1 ;
2 ,0 ,1 ;
2 ,0 ,1 ;
2 ,0 ,1 ;
2 ,0 ,1 ;
2 ,0 ,1 ;
2 ,0 ,1 ;
2 ,0 ,1 ;
2 ,0 ,1 ;
2 ,0 ,1 ;
2 ,0 ,1 ;
2 ,0 ,1 ;
2 ,0 ,1 ;
2 ,0 ,1 ;
2 ,0 ,1 ;
2 ,0 ,1 ;
2 ,0 ,1 ;
2 ,0 ,1 ;
2 ,0 ,1 ;
2 ,0 ,1 ;
2 ,0 ,1 ;
2 ,0 ,1 ;
2 ,0 ,1 ;
2 ,0 ,1 ;
2 ,0 ,1 ;
2 ,0 ,1 ;
2 ,0 ,1 ;
2 ,0 ,1 ;
2 ,0 ,1 ;
2 ,0 ,1 ;
2 ,0 ,1 ;
2 ,0 ,1 ;
2 ,0 ,1 ;
2 ,0 ,1 ;
2 ,0 ,1 ;
2 ,0 ,1 ;
2 ,0 ,1 ;
2 ,0 ,1 ;
2 ,0 ,1 ;
2 ,0 ,1 ;
2 ,0 ,1 ;
2 ,0 ,1 ;
2 ,0 ,1 ;
2 ,0 ,1 ;
2 ,0 ,1 ;
2 ,0 ,1 ;
2 ,0 ,1 ;
2 ,0 ,1 ;
2 ,0 ,1 ;
2 ,0 ,1 ;
2 ,0 ,1 ;
2 ,0 ,1 ;
2 ,0 ,1 ;
2 ,0 ,1 ;
2 ,0 ,1 ;
2 ,0 ,1 ;
2 ,0 ,1 ;
2 ,0 ,1 ;
2 ,0 ,1 ;
2 ,0 ,1 ;
2 ,0 ,1 ;
2 ,0 ,1 ;
2 ,0 ,1 ;
2 ,0 ,1 ;
2 ,0 ,1 ;
2 ,0 ,1 ;
2 ,0 ,1 ;
2 ,0 ,1 ;
2 ,0 ,1 ;
2 ,1 ,1 ;
2 ,1 ,1 ;
2 ,1 ,1 ;
2 ,1 ,1 ;
2 ,1 ,1 ;
2 ,1 ,1 ;
2 ,1 ,1 ;
2 ,1 ,1 ;
2 ,1 ,1 ;
2 ,1 ,1 ;
2 ,1 ,1 ;
2 ,1 ,1 ;
2 ,1 ,1 ;
2 ,1 ,1 ;
2 ,1 ,1 ;
2 ,1 ,1 ;
2 ,1 ,1 ;
2 ,1 ,1 ;
2 ,1 ,1 ;
2 ,1 ,1 ;
2 ,1 ,1 ;
2 ,1 ,1 ;
2 ,1 ,1 ;
2 ,1 ,1 ;
2 ,1 ,1 ;
2 ,1 ,1 ;
2 ,1 ,1 ;
2 ,1 ,1 ;
2 ,1 ,1 ;
2 ,1 ,1 ;
2 ,1 ,1 ;
2 ,1 ,1 ;
2 ,1 ,1 ;
2 ,1 ,1 ;
2 ,1 ,1 ;
2 ,1 ,1 ;
2 ,1 ,1 ;
2 ,1 ,1 ;
2 ,1 ,1 ;
2 ,1 ,1 ;
2 ,1 ,1 ;
2 ,1 ,1 ;
2 ,0 ,1 ;
2 ,0 ,1 ;
2 ,0 ,1 ;
2 ,0 ,1 ;
2 ,0 ,1 ;
2 ,0 ,1 ;
2 ,0 ,1 ;
2 ,0 ,1 ;
2 ,0 ,1 ;
2 ,0 ,1 ;
2 ,0 ,1 ;
2 ,0 ,1 ;
2 ,0 ,1 ;
2 ,0 ,1 ;
2 ,0 ,1 ;
2 ,0 ,1 ;
2 ,0 ,1 ;
2 ,0 ,1 ;
2 ,0 ,1 ;
2 ,0 ,1 ;
2 ,0 ,1 ;
2 ,0 ,1 ;
2 ,0 ,1 ;
2 ,0 ,1 ;
2 ,0 ,1 ;
2 ,0 ,1 ;
2 ,0 ,1 ;
2 ,0 ,1 ;
2 ,0 ,1 ;
2 ,0 ,1 ;
2 ,0 ,1 ;
2 ,0 ,1 ;
2 ,0 ,1 ;
2 ,0 ,1 ;
2 ,0 ,1 ;
2 ,0 ,1 ;
2 ,0 ,1 ;
2 ,0 ,1 ;
2 ,0 ,1 ;
2 ,0 ,1 ;
2 ,0 ,1 ;
2 ,0 ,1 ;
2 ,0 ,1 ;
2 ,0 ,1 ;
2 ,0 ,1 ;
2 ,0 ,1 ;
2 ,0 ,1 ;
2 ,0 ,1 ;
2 ,0 ,1 ;
2 ,0 ,1 ;
2 ,0 ,1 ;
2 ,0 ,1 ;
2 ,0 ,1 ;
2 ,0 ,1 ;
2 ,0 ,1 ;
2 ,0 ,1 ;
2 ,0 ,1 ;
2 ,0 ,1 ;
2 ,0 ,1 ;
2 ,0 ,1 ;
2 ,0 ,1 ;
2 ,0 ,1 ;
2 ,0 ,1 ;
2 ,0 ,1 ;
2 ,0 ,1 ;
2 ,0 ,1 ;
2 ,0 ,1 ;
2 ,0 ,1 ;
2 ,0 ,1 ;
2 ,0 ,1 ;
2 ,0 ,1 ;
2 ,0 ,1 ;
2 ,0 ,1 ;
2 ,0 ,1 ;
5 ,0 ,1 ;
5 ,0 ,1 ;
5 ,0 ,1 ;
5 ,0 ,1 ;
5 ,0 ,1 ;
5 ,0 ,1 ;
5 ,0 ,1 ;
5 ,0 ,1 ;
5 ,0 ,1 ;
5 ,0 ,1 ;
5 ,0 ,1 ;
5 ,0 ,1 ;
5 ,0 ,1 ;
5 ,0 ,1 ;
5 ,0 ,1 ;
5 ,0 ,1 ;
5 ,0 ,1 ;
5 ,0 ,1 ;
5 ,0 ,1 ;
5 ,0 ,1 ;
5 ,0 ,1 ;
5 ,0 ,1 ;
5 ,0 ,1 ;
5 ,0 ,1 ;
5 ,0 ,1 ;
5 ,0 ,1 ;
5 ,0 ,1 ;
5 ,0 ,1 ;
5 ,0 ,1 ;
5 ,0 ,1 ;
5 ,0 ,1 ;
5 ,0 ,1 ;
5 ,0 ,1 ;
5 ,0 ,1 ;
5 ,0 ,1 ;
5 ,0 ,1 ;
5 ,0 ,1 ;
5 ,0 ,1 ;
5 ,0 ,1 ;
5 ,0 ,1 ;
5 ,0 ,1 ;
5 ,0 ,1 ;
5 ,0 ,1 ;
5 ,0 ,1 ;
5 ,0 ,1 ;
5 ,0 ,1 ;
5 ,0 ,1 ;
5 ,0 ,1 ;
5 ,0 ,1 ;
5 ,0 ,1 ;
5 ,0 ,1 ;
5 ,0 ,1 ;
5 ,0 ,1 ;
5 ,0 ,1 ;
5 ,0 ,1 ;
5 ,0 ,1 ;
5 ,0 ,1 ;
5 ,0 ,1 ;
5 ,0 ,1 ;
5 ,0 ,1 ;
5 ,0 ,1 ;
5 ,0 ,1 ;
5 ,0 ,1 ;
5 ,0 ,1 ;
5 ,0 ,1 ;
5 ,0 ,1 ;
5 ,0 ,1 ;
5 ,0 ,1 ;
5 ,0 ,1 ;
5 ,0 ,1 ;
5 ,0 ,1 ;
5 ,0 ,1 ;
5 ,0 ,1 ;
5 ,0 ,1 ;
5 ,0 ,1 ;
5 ,0 ,1 ;
5 ,0 ,1 ;
5 ,0 ,1 ;
5 ,0 ,1 ;
5 ,0 ,1 ;
5 ,0 ,1 ;
5 ,0 ,1 ;
5 ,0 ,1 ;
5 ,0 ,1 ;
5 ,0 ,1 ;
5 ,0 ,1 ;
5 ,0 ,1 ;
5 ,0 ,1 ;
5 ,0 ,1 ;
5 ,0 ,1 ;
5 ,0 ,1 ;
5 ,0 ,1 ;
5 ,0 ,1 ;
5 ,0 ,1 ;
5 ,0 ,1 ;
5 ,0 ,1 ;
5 ,0 ,1 ;
5 ,0 ,1 ;
5 ,0 ,1 ;
5 ,0 ,1 ;
5 ,0 ,1 ;
5 ,0 ,1 ;
5 ,0 ,1 ;
5 ,0 ,1 ;
5 ,0 ,1 ;
5 ,0 ,1 ;
5 ,0 ,1 ;
5 ,0 ,1 ;
5 ,0 ,1 ;
5 ,0 ,1 ;
5 ,0 ,1 ;
5 ,0 ,1 ;
5 ,0 ,1 ;
5 ,0 ,1 ;
5 ,0 ,1 ;
5 ,0 ,1 ;
5 ,0 ,1 ;
5 ,0 ,1 ;
5 ,0 ,1 ;
5 ,0 ,1 ;
5 ,0 ,1 ;
5 ,0 ,1 ;
5 ,0 ,1 ;
5 ,0 ,1 ;
5 ,0 ,1 ;
5 ,0 ,1 ;
5 ,0 ,1 ;
5 ,0 ,1 ;
5 ,0 ,1 ;
5 ,0 ,1 ;
5 ,0 ,1 ;
5 ,0 ,1 ;
5 ,0 ,1 ;
5 ,0 ,1 ;
5 ,0 ,1 ;
5 ,0 ,1 ;
5 ,0 ,1 ;
5 ,0 ,1 ;
5 ,0 ,1 ;
5 ,0 ,1 ;
5 ,0 ,1 ;
5 ,0 ,1 ;
5 ,0 ,1 ;
