5 ,7 ,8 ;
6 ,7 ,2 ;
7 ,7 ,2 ;
0 ,7 ,2 ;
0 ,7 ,8 ;
0 ,7 ,0 ;
0 ,7 ,0 ;
3 ,7 ,5 ;
0 ,1 ,1 ;
0 ,6 ,1 ;
0 ,3 ,1 ;
0 ,3 ,1 ;
0 ,3 ,1 ;
5 ,5 ,1 ;
5 ,5 ,1 ;
6 ,0 ,1 ;
6 ,0 ,1 ;
6 ,1 ,1 ;
6 ,9 ,1 ;
6 ,2 ,1 ;
6 ,2 ,1 ;
6 ,2 ,1 ;
6 ,2 ,1 ;
6 ,2 ,1 ;
6 ,2 ,1 ;
6 ,6 ,1 ;
6 ,6 ,1 ;
6 ,6 ,1 ;
6 ,6 ,1 ;
6 ,6 ,1 ;
6 ,0 ,1 ;
6 ,0 ,1 ;
6 ,0 ,1 ;
6 ,0 ,1 ;
6 ,0 ,1 ;
6 ,9 ,1 ;
6 ,9 ,1 ;
6 ,9 ,1 ;
6 ,9 ,1 ;
6 ,9 ,1 ;
6 ,9 ,1 ;
6 ,9 ,1 ;
6 ,9 ,1 ;
6 ,9 ,1 ;
6 ,9 ,1 ;
6 ,9 ,1 ;
6 ,9 ,1 ;
6 ,9 ,1 ;
6 ,9 ,1 ;
6 ,9 ,1 ;
6 ,9 ,1 ;
6 ,9 ,1 ;
6 ,9 ,1 ;
6 ,9 ,1 ;
6 ,9 ,1 ;
6 ,9 ,1 ;
6 ,9 ,1 ;
6 ,9 ,1 ;
6 ,9 ,1 ;
6 ,9 ,1 ;
6 ,9 ,1 ;
6 ,9 ,1 ;
6 ,9 ,1 ;
6 ,9 ,1 ;
6 ,9 ,1 ;
6 ,9 ,1 ;
6 ,9 ,1 ;
6 ,9 ,1 ;
6 ,9 ,1 ;
6 ,9 ,1 ;
6 ,9 ,1 ;
6 ,9 ,1 ;
6 ,9 ,1 ;
6 ,9 ,1 ;
6 ,9 ,1 ;
6 ,9 ,1 ;
5 ,9 ,1 ;
5 ,9 ,1 ;
5 ,9 ,1 ;
5 ,9 ,1 ;
5 ,9 ,1 ;
5 ,9 ,1 ;
5 ,9 ,1 ;
5 ,9 ,1 ;
6 ,9 ,1 ;
6 ,8 ,1 ;
6 ,2 ,1 ;
6 ,1 ,1 ;
6 ,1 ,1 ;
6 ,1 ,1 ;
6 ,1 ,1 ;
6 ,1 ,1 ;
6 ,1 ,1 ;
6 ,1 ,1 ;
6 ,1 ,1 ;
6 ,1 ,1 ;
6 ,1 ,1 ;
6 ,1 ,1 ;
6 ,1 ,1 ;
6 ,1 ,1 ;
6 ,1 ,1 ;
6 ,1 ,1 ;
6 ,1 ,1 ;
6 ,1 ,1 ;
6 ,1 ,1 ;
6 ,1 ,1 ;
6 ,1 ,1 ;
5 ,1 ,1 ;
5 ,1 ,1 ;
5 ,1 ,1 ;
5 ,1 ,1 ;
5 ,1 ,1 ;
5 ,1 ,1 ;
5 ,1 ,1 ;
5 ,1 ,1 ;
5 ,1 ,1 ;
5 ,1 ,1 ;
5 ,1 ,1 ;
5 ,1 ,1 ;
5 ,1 ,1 ;
5 ,1 ,1 ;
5 ,1 ,1 ;
4 ,1 ,1 ;
4 ,1 ,1 ;
0 ,1 ,1 ;
0 ,1 ,1 ;
5 ,1 ,1 ;
7 ,1 ,1 ;
7 ,1 ,1 ;
7 ,1 ,1 ;
7 ,1 ,1 ;
0 ,1 ,1 ;
5 ,1 ,1 ;
5 ,1 ,1 ;
5 ,1 ,1 ;
5 ,1 ,1 ;
5 ,1 ,1 ;
5 ,1 ,1 ;
5 ,1 ,1 ;
5 ,1 ,1 ;
5 ,1 ,1 ;
5 ,1 ,1 ;
5 ,1 ,1 ;
5 ,1 ,1 ;
5 ,1 ,1 ;
5 ,1 ,1 ;
5 ,1 ,1 ;
5 ,1 ,1 ;
5 ,1 ,1 ;
5 ,1 ,1 ;
5 ,1 ,1 ;
5 ,1 ,1 ;
5 ,1 ,1 ;
5 ,1 ,1 ;
5 ,1 ,1 ;
5 ,1 ,1 ;
5 ,1 ,1 ;
5 ,1 ,1 ;
5 ,1 ,1 ;
5 ,1 ,1 ;
5 ,1 ,1 ;
5 ,1 ,1 ;
5 ,1 ,1 ;
5 ,1 ,1 ;
5 ,1 ,1 ;
5 ,1 ,1 ;
5 ,1 ,1 ;
5 ,1 ,1 ;
5 ,1 ,1 ;
5 ,1 ,1 ;
5 ,1 ,1 ;
5 ,1 ,1 ;
5 ,1 ,1 ;
5 ,1 ,1 ;
5 ,1 ,1 ;
5 ,1 ,1 ;
5 ,1 ,1 ;
5 ,1 ,1 ;
5 ,1 ,1 ;
5 ,1 ,1 ;
5 ,1 ,1 ;
5 ,1 ,1 ;
5 ,1 ,1 ;
5 ,1 ,1 ;
5 ,1 ,1 ;
5 ,1 ,1 ;
5 ,1 ,1 ;
5 ,1 ,1 ;
5 ,1 ,1 ;
5 ,1 ,1 ;
5 ,1 ,1 ;
5 ,1 ,1 ;
5 ,1 ,1 ;
5 ,1 ,1 ;
5 ,1 ,1 ;
5 ,1 ,1 ;
5 ,1 ,1 ;
5 ,1 ,1 ;
5 ,1 ,1 ;
5 ,1 ,1 ;
5 ,1 ,1 ;
5 ,1 ,1 ;
5 ,1 ,1 ;
5 ,1 ,1 ;
5 ,1 ,1 ;
5 ,1 ,1 ;
5 ,1 ,1 ;
5 ,1 ,1 ;
5 ,1 ,1 ;
5 ,1 ,1 ;
5 ,1 ,1 ;
5 ,1 ,1 ;
5 ,1 ,1 ;
5 ,1 ,1 ;
5 ,1 ,1 ;
5 ,1 ,1 ;
5 ,1 ,1 ;
5 ,1 ,1 ;
5 ,1 ,1 ;
5 ,1 ,1 ;
5 ,1 ,1 ;
5 ,1 ,1 ;
5 ,1 ,1 ;
5 ,1 ,1 ;
5 ,1 ,1 ;
5 ,1 ,1 ;
5 ,1 ,1 ;
5 ,1 ,1 ;
5 ,1 ,1 ;
5 ,1 ,1 ;
5 ,1 ,1 ;
5 ,1 ,1 ;
5 ,1 ,1 ;
5 ,1 ,1 ;
5 ,1 ,1 ;
5 ,1 ,1 ;
5 ,1 ,1 ;
5 ,1 ,1 ;
5 ,1 ,1 ;
5 ,1 ,1 ;
5 ,1 ,1 ;
5 ,1 ,1 ;
5 ,1 ,1 ;
5 ,1 ,1 ;
5 ,1 ,1 ;
5 ,1 ,1 ;
5 ,1 ,1 ;
2 ,1 ,1 ;
5 ,1 ,1 ;
5 ,1 ,1 ;
5 ,1 ,1 ;
5 ,1 ,1 ;
5 ,1 ,1 ;
5 ,1 ,1 ;
5 ,1 ,1 ;
5 ,1 ,1 ;
5 ,1 ,1 ;
5 ,1 ,1 ;
5 ,1 ,1 ;
5 ,1 ,1 ;
5 ,1 ,1 ;
5 ,1 ,1 ;
5 ,1 ,1 ;
5 ,1 ,1 ;
5 ,1 ,1 ;
5 ,1 ,1 ;
5 ,1 ,1 ;
5 ,1 ,1 ;
5 ,1 ,1 ;
5 ,1 ,1 ;
5 ,1 ,1 ;
5 ,1 ,1 ;
5 ,1 ,1 ;
5 ,1 ,1 ;
5 ,1 ,1 ;
5 ,1 ,1 ;
5 ,1 ,1 ;
5 ,1 ,1 ;
5 ,1 ,1 ;
5 ,1 ,1 ;
5 ,1 ,1 ;
5 ,1 ,1 ;
5 ,1 ,1 ;
5 ,1 ,1 ;
5 ,1 ,1 ;
5 ,1 ,1 ;
5 ,1 ,1 ;
5 ,1 ,1 ;
5 ,1 ,1 ;
5 ,1 ,1 ;
5 ,1 ,1 ;
5 ,1 ,1 ;
5 ,1 ,1 ;
5 ,1 ,1 ;
5 ,1 ,1 ;
5 ,1 ,1 ;
5 ,1 ,1 ;
5 ,1 ,1 ;
5 ,1 ,1 ;
5 ,1 ,1 ;
5 ,1 ,1 ;
5 ,1 ,1 ;
5 ,1 ,1 ;
5 ,1 ,1 ;
5 ,1 ,1 ;
5 ,1 ,1 ;
5 ,1 ,1 ;
5 ,1 ,1 ;
5 ,1 ,1 ;
5 ,1 ,1 ;
5 ,1 ,1 ;
5 ,1 ,1 ;
5 ,1 ,1 ;
5 ,1 ,1 ;
5 ,1 ,1 ;
5 ,1 ,1 ;
5 ,1 ,1 ;
5 ,1 ,1 ;
5 ,1 ,1 ;
5 ,1 ,1 ;
5 ,1 ,1 ;
5 ,1 ,1 ;
5 ,1 ,1 ;
5 ,1 ,1 ;
5 ,1 ,1 ;
5 ,1 ,1 ;
5 ,1 ,1 ;
5 ,1 ,1 ;
5 ,1 ,1 ;
5 ,1 ,1 ;
5 ,1 ,1 ;
5 ,1 ,1 ;
5 ,1 ,1 ;
5 ,1 ,1 ;
5 ,1 ,1 ;
5 ,1 ,1 ;
5 ,1 ,1 ;
5 ,1 ,1 ;
5 ,1 ,1 ;
5 ,1 ,1 ;
5 ,1 ,1 ;
5 ,1 ,1 ;
5 ,1 ,1 ;
5 ,1 ,1 ;
5 ,1 ,1 ;
5 ,1 ,1 ;
5 ,1 ,1 ;
5 ,1 ,1 ;
5 ,1 ,1 ;
5 ,1 ,1 ;
5 ,1 ,1 ;
5 ,1 ,1 ;
5 ,1 ,1 ;
5 ,1 ,1 ;
5 ,1 ,1 ;
5 ,1 ,1 ;
5 ,1 ,1 ;
5 ,1 ,1 ;
5 ,1 ,1 ;
5 ,1 ,1 ;
5 ,1 ,1 ;
5 ,1 ,1 ;
5 ,1 ,1 ;
5 ,1 ,1 ;
5 ,1 ,1 ;
5 ,1 ,1 ;
5 ,1 ,1 ;
5 ,1 ,1 ;
5 ,1 ,1 ;
5 ,1 ,1 ;
5 ,1 ,1 ;
5 ,1 ,1 ;
5 ,1 ,1 ;
5 ,1 ,1 ;
5 ,1 ,1 ;
5 ,1 ,1 ;
5 ,1 ,1 ;
5 ,1 ,1 ;
5 ,1 ,1 ;
5 ,1 ,1 ;
5 ,1 ,1 ;
5 ,1 ,1 ;
5 ,1 ,1 ;
5 ,1 ,1 ;
5 ,1 ,1 ;
5 ,1 ,1 ;
5 ,1 ,1 ;
5 ,1 ,1 ;
5 ,1 ,1 ;
5 ,1 ,1 ;
5 ,1 ,1 ;
5 ,1 ,1 ;
5 ,1 ,1 ;
5 ,1 ,1 ;
5 ,1 ,1 ;
5 ,1 ,1 ;
5 ,1 ,1 ;
5 ,1 ,1 ;
5 ,1 ,1 ;
5 ,1 ,1 ;
5 ,1 ,1 ;
5 ,1 ,1 ;
5 ,1 ,1 ;
5 ,1 ,1 ;
5 ,1 ,1 ;
5 ,1 ,1 ;
5 ,1 ,1 ;
5 ,1 ,1 ;
5 ,1 ,1 ;
5 ,1 ,1 ;
5 ,1 ,1 ;
5 ,1 ,1 ;
5 ,1 ,1 ;
5 ,1 ,1 ;
5 ,1 ,1 ;
5 ,1 ,1 ;
5 ,1 ,1 ;
5 ,1 ,1 ;
5 ,1 ,1 ;
5 ,1 ,1 ;
5 ,1 ,1 ;
5 ,1 ,1 ;
5 ,1 ,1 ;
5 ,1 ,1 ;
5 ,1 ,1 ;
5 ,1 ,1 ;
5 ,1 ,1 ;
5 ,1 ,1 ;
5 ,1 ,1 ;
5 ,1 ,1 ;
2 ,1 ,1 ;
2 ,1 ,1 ;
2 ,1 ,1 ;
2 ,1 ,1 ;
2 ,1 ,1 ;
2 ,1 ,1 ;
2 ,1 ,1 ;
1 ,1 ,1 ;
1 ,1 ,1 ;
1 ,1 ,1 ;
1 ,1 ,1 ;
1 ,1 ,1 ;
1 ,1 ,1 ;
2 ,1 ,1 ;
2 ,1 ,1 ;
2 ,1 ,1 ;
2 ,1 ,1 ;
2 ,1 ,1 ;
2 ,1 ,1 ;
2 ,1 ,1 ;
2 ,1 ,1 ;
2 ,0 ,1 ;
2 ,0 ,1 ;
2 ,0 ,1 ;
2 ,0 ,1 ;
2 ,0 ,1 ;
2 ,0 ,1 ;
2 ,0 ,1 ;
2 ,0 ,1 ;
2 ,0 ,1 ;
2 ,0 ,1 ;
2 ,0 ,1 ;
2 ,0 ,1 ;
2 ,0 ,1 ;
2 ,0 ,1 ;
2 ,0 ,1 ;
2 ,0 ,1 ;
2 ,0 ,1 ;
2 ,0 ,1 ;
2 ,0 ,1 ;
2 ,0 ,1 ;
2 ,0 ,1 ;
2 ,0 ,1 ;
2 ,0 ,1 ;
2 ,0 ,1 ;
2 ,0 ,1 ;
2 ,0 ,1 ;
2 ,0 ,1 ;
2 ,0 ,1 ;
2 ,0 ,1 ;
2 ,0 ,1 ;
2 ,0 ,1 ;
2 ,0 ,1 ;
2 ,0 ,1 ;
2 ,0 ,1 ;
2 ,0 ,1 ;
2 ,0 ,1 ;
2 ,0 ,1 ;
2 ,0 ,1 ;
2 ,0 ,1 ;
5 ,0 ,1 ;
5 ,0 ,1 ;
5 ,0 ,1 ;
5 ,0 ,1 ;
5 ,0 ,1 ;
5 ,0 ,1 ;
5 ,0 ,1 ;
5 ,0 ,1 ;
2 ,0 ,1 ;
2 ,0 ,1 ;
2 ,0 ,1 ;
2 ,0 ,1 ;
2 ,0 ,1 ;
2 ,0 ,1 ;
2 ,0 ,1 ;
2 ,0 ,1 ;
2 ,0 ,1 ;
2 ,0 ,1 ;
2 ,0 ,1 ;
2 ,0 ,1 ;
2 ,0 ,1 ;
2 ,0 ,1 ;
2 ,0 ,1 ;
2 ,0 ,1 ;
2 ,0 ,1 ;
2 ,0 ,1 ;
2 ,0 ,1 ;
2 ,0 ,1 ;
2 ,0 ,1 ;
2 ,0 ,1 ;
2 ,0 ,1 ;
2 ,0 ,1 ;
2 ,0 ,1 ;
2 ,0 ,1 ;
2 ,0 ,1 ;
2 ,0 ,1 ;
2 ,0 ,1 ;
2 ,0 ,1 ;
2 ,0 ,1 ;
2 ,0 ,1 ;
2 ,0 ,1 ;
2 ,0 ,1 ;
2 ,0 ,1 ;
2 ,0 ,1 ;
2 ,0 ,1 ;
2 ,0 ,1 ;
2 ,0 ,1 ;
2 ,0 ,1 ;
2 ,0 ,1 ;
2 ,0 ,1 ;
2 ,0 ,1 ;
2 ,0 ,1 ;
2 ,0 ,1 ;
2 ,0 ,1 ;
2 ,0 ,1 ;
2 ,0 ,1 ;
2 ,0 ,1 ;
2 ,0 ,1 ;
2 ,0 ,1 ;
2 ,0 ,1 ;
2 ,0 ,1 ;
2 ,0 ,1 ;
2 ,0 ,1 ;
2 ,0 ,1 ;
2 ,0 ,1 ;
2 ,0 ,1 ;
2 ,0 ,1 ;
2 ,0 ,1 ;
2 ,0 ,1 ;
2 ,0 ,1 ;
2 ,0 ,1 ;
2 ,0 ,1 ;
2 ,0 ,1 ;
2 ,0 ,1 ;
2 ,0 ,1 ;
2 ,0 ,1 ;
2 ,0 ,1 ;
2 ,0 ,1 ;
2 ,0 ,1 ;
2 ,0 ,1 ;
2 ,0 ,1 ;
2 ,0 ,1 ;
2 ,0 ,1 ;
2 ,0 ,1 ;
2 ,0 ,1 ;
2 ,0 ,1 ;
2 ,0 ,1 ;
2 ,0 ,1 ;
2 ,0 ,1 ;
2 ,0 ,1 ;
2 ,0 ,1 ;
2 ,0 ,1 ;
2 ,0 ,1 ;
2 ,0 ,1 ;
2 ,0 ,1 ;
2 ,0 ,1 ;
2 ,0 ,1 ;
2 ,0 ,1 ;
2 ,0 ,1 ;
2 ,0 ,1 ;
2 ,0 ,1 ;
2 ,0 ,1 ;
2 ,0 ,1 ;
2 ,0 ,1 ;
2 ,0 ,1 ;
2 ,0 ,1 ;
2 ,0 ,1 ;
2 ,0 ,1 ;
2 ,0 ,1 ;
2 ,0 ,1 ;
2 ,0 ,1 ;
2 ,0 ,1 ;
2 ,0 ,1 ;
2 ,0 ,1 ;
2 ,0 ,1 ;
2 ,0 ,1 ;
2 ,0 ,1 ;
2 ,0 ,1 ;
5 ,0 ,1 ;
2 ,0 ,1 ;
2 ,0 ,1 ;
2 ,0 ,1 ;
2 ,0 ,1 ;
2 ,0 ,1 ;
2 ,0 ,1 ;
2 ,0 ,1 ;
2 ,0 ,1 ;
2 ,0 ,1 ;
2 ,0 ,1 ;
2 ,0 ,1 ;
2 ,0 ,1 ;
2 ,0 ,1 ;
2 ,0 ,1 ;
2 ,0 ,1 ;
2 ,0 ,1 ;
2 ,0 ,1 ;
2 ,0 ,1 ;
2 ,0 ,1 ;
2 ,0 ,1 ;
2 ,0 ,1 ;
2 ,0 ,1 ;
2 ,0 ,1 ;
2 ,0 ,1 ;
5 ,0 ,1 ;
5 ,0 ,1 ;
2 ,0 ,1 ;
5 ,0 ,1 ;
2 ,0 ,1 ;
5 ,0 ,1 ;
5 ,0 ,1 ;
5 ,0 ,1 ;
2 ,0 ,1 ;
2 ,0 ,1 ;
2 ,0 ,1 ;
2 ,0 ,1 ;
2 ,0 ,1 ;
2 ,0 ,1 ;
2 ,0 ,1 ;
2 ,0 ,1 ;
2 ,0 ,1 ;
2 ,0 ,1 ;
2 ,0 ,1 ;
2 ,0 ,1 ;
2 ,0 ,1 ;
2 ,0 ,1 ;
2 ,0 ,1 ;
2 ,0 ,1 ;
2 ,0 ,1 ;
2 ,0 ,1 ;
2 ,0 ,1 ;
2 ,0 ,1 ;
2 ,0 ,1 ;
2 ,0 ,1 ;
2 ,0 ,1 ;
2 ,0 ,1 ;
2 ,0 ,1 ;
2 ,0 ,1 ;
2 ,0 ,1 ;
2 ,0 ,1 ;
2 ,0 ,1 ;
2 ,0 ,1 ;
2 ,0 ,1 ;
2 ,0 ,1 ;
2 ,0 ,1 ;
2 ,0 ,1 ;
2 ,0 ,1 ;
2 ,0 ,1 ;
2 ,0 ,1 ;
2 ,0 ,1 ;
2 ,0 ,1 ;
2 ,0 ,1 ;
2 ,0 ,1 ;
2 ,0 ,1 ;
2 ,0 ,1 ;
2 ,0 ,1 ;
2 ,0 ,1 ;
2 ,0 ,1 ;
2 ,0 ,1 ;
2 ,0 ,1 ;
2 ,0 ,1 ;
2 ,0 ,1 ;
2 ,0 ,1 ;
2 ,0 ,1 ;
2 ,0 ,1 ;
2 ,0 ,1 ;
5 ,0 ,1 ;
2 ,0 ,1 ;
2 ,0 ,1 ;
2 ,0 ,1 ;
2 ,0 ,1 ;
2 ,0 ,1 ;
2 ,0 ,1 ;
2 ,0 ,1 ;
2 ,0 ,1 ;
2 ,0 ,1 ;
2 ,0 ,1 ;
2 ,0 ,1 ;
2 ,0 ,1 ;
2 ,0 ,1 ;
2 ,0 ,1 ;
2 ,0 ,1 ;
2 ,0 ,1 ;
2 ,0 ,1 ;
2 ,0 ,1 ;
2 ,0 ,1 ;
2 ,0 ,1 ;
2 ,0 ,1 ;
2 ,0 ,1 ;
2 ,0 ,1 ;
2 ,0 ,1 ;
2 ,0 ,1 ;
2 ,0 ,1 ;
2 ,0 ,1 ;
2 ,0 ,1 ;
2 ,0 ,1 ;
2 ,0 ,1 ;
2 ,0 ,1 ;
2 ,0 ,1 ;
2 ,0 ,1 ;
2 ,0 ,1 ;
2 ,0 ,1 ;
2 ,0 ,1 ;
2 ,0 ,1 ;
2 ,0 ,1 ;
2 ,0 ,1 ;
2 ,0 ,1 ;
2 ,0 ,1 ;
2 ,0 ,1 ;
2 ,0 ,1 ;
2 ,0 ,1 ;
2 ,0 ,1 ;
2 ,0 ,1 ;
2 ,0 ,1 ;
2 ,0 ,1 ;
2 ,0 ,1 ;
2 ,0 ,1 ;
2 ,0 ,1 ;
2 ,0 ,1 ;
2 ,0 ,1 ;
2 ,0 ,1 ;
2 ,0 ,1 ;
2 ,0 ,1 ;
2 ,0 ,1 ;
2 ,0 ,1 ;
2 ,0 ,1 ;
2 ,0 ,1 ;
2 ,0 ,1 ;
2 ,0 ,1 ;
2 ,0 ,1 ;
2 ,0 ,1 ;
2 ,0 ,1 ;
2 ,0 ,1 ;
2 ,0 ,1 ;
2 ,0 ,1 ;
2 ,0 ,1 ;
2 ,0 ,1 ;
2 ,0 ,1 ;
2 ,0 ,1 ;
2 ,0 ,1 ;
2 ,0 ,1 ;
2 ,0 ,1 ;
2 ,0 ,8 ;
2 ,0 ,8 ;
2 ,0 ,1 ;
2 ,0 ,1 ;
2 ,0 ,1 ;
2 ,0 ,1 ;
2 ,0 ,1 ;
2 ,0 ,1 ;
2 ,0 ,1 ;
2 ,0 ,1 ;
2 ,0 ,1 ;
2 ,0 ,1 ;
2 ,0 ,1 ;
2 ,0 ,1 ;
2 ,0 ,1 ;
2 ,0 ,1 ;
2 ,0 ,1 ;
2 ,0 ,1 ;
2 ,0 ,1 ;
2 ,0 ,1 ;
2 ,0 ,1 ;
2 ,1 ,1 ;
2 ,1 ,1 ;
2 ,0 ,1 ;
2 ,0 ,1 ;
5 ,0 ,1 ;
5 ,0 ,1 ;
5 ,0 ,1 ;
5 ,0 ,1 ;
5 ,0 ,1 ;
5 ,0 ,1 ;
5 ,0 ,1 ;
5 ,0 ,1 ;
1 ,0 ,1 ;
1 ,0 ,1 ;
2 ,0 ,1 ;
2 ,0 ,1 ;
2 ,0 ,1 ;
2 ,0 ,1 ;
2 ,0 ,1 ;
2 ,0 ,1 ;
2 ,0 ,1 ;
2 ,0 ,1 ;
2 ,0 ,1 ;
2 ,0 ,1 ;
2 ,0 ,1 ;
2 ,0 ,1 ;
2 ,0 ,1 ;
2 ,0 ,1 ;
2 ,0 ,1 ;
2 ,0 ,1 ;
2 ,0 ,1 ;
2 ,0 ,1 ;
2 ,0 ,1 ;
2 ,0 ,1 ;
2 ,0 ,1 ;
2 ,0 ,1 ;
2 ,0 ,1 ;
2 ,0 ,1 ;
2 ,0 ,1 ;
2 ,0 ,1 ;
2 ,0 ,1 ;
2 ,0 ,1 ;
2 ,0 ,1 ;
2 ,0 ,1 ;
2 ,0 ,1 ;
2 ,0 ,1 ;
2 ,0 ,1 ;
2 ,0 ,1 ;
2 ,0 ,1 ;
2 ,0 ,1 ;
2 ,0 ,1 ;
2 ,0 ,1 ;
2 ,0 ,1 ;
5 ,0 ,1 ;
5 ,0 ,1 ;
2 ,0 ,1 ;
5 ,0 ,1 ;
5 ,0 ,1 ;
5 ,0 ,1 ;
5 ,0 ,1 ;
5 ,0 ,1 ;
5 ,0 ,1 ;
5 ,0 ,1 ;
5 ,0 ,1 ;
5 ,0 ,1 ;
5 ,0 ,1 ;
5 ,0 ,1 ;
5 ,0 ,1 ;
5 ,0 ,1 ;
5 ,0 ,1 ;
5 ,0 ,1 ;
5 ,0 ,1 ;
5 ,0 ,1 ;
5 ,0 ,1 ;
5 ,0 ,1 ;
5 ,0 ,1 ;
5 ,0 ,1 ;
5 ,0 ,1 ;
5 ,0 ,1 ;
5 ,0 ,1 ;
5 ,0 ,1 ;
5 ,0 ,1 ;
5 ,0 ,1 ;
5 ,0 ,1 ;
5 ,0 ,1 ;
5 ,0 ,1 ;
5 ,0 ,1 ;
5 ,0 ,1 ;
5 ,0 ,1 ;
5 ,0 ,1 ;
5 ,0 ,1 ;
5 ,0 ,1 ;
5 ,0 ,1 ;
5 ,0 ,1 ;
5 ,0 ,1 ;
5 ,0 ,1 ;
5 ,0 ,1 ;
