3 ,4 ,2 ;
3 ,4 ,1 ;
3 ,6 ,7 ;
3 ,7 ,7 ;
3 ,4 ,7 ;
3 ,3 ,7 ;
3 ,3 ,7 ;
3 ,3 ,7 ;
3 ,3 ,7 ;
3 ,3 ,7 ;
5 ,3 ,7 ;
4 ,3 ,7 ;
4 ,3 ,7 ;
4 ,3 ,7 ;
6 ,3 ,7 ;
6 ,3 ,7 ;
6 ,3 ,6 ;
6 ,3 ,6 ;
6 ,3 ,6 ;
6 ,3 ,6 ;
6 ,3 ,9 ;
6 ,3 ,3 ;
6 ,3 ,2 ;
6 ,3 ,9 ;
6 ,3 ,9 ;
6 ,3 ,9 ;
6 ,3 ,9 ;
6 ,3 ,9 ;
6 ,3 ,9 ;
6 ,3 ,9 ;
6 ,3 ,9 ;
6 ,3 ,9 ;
6 ,3 ,9 ;
6 ,3 ,9 ;
6 ,3 ,9 ;
6 ,3 ,9 ;
6 ,3 ,9 ;
6 ,3 ,9 ;
6 ,3 ,9 ;
6 ,3 ,9 ;
6 ,3 ,9 ;
6 ,3 ,9 ;
6 ,3 ,9 ;
6 ,3 ,9 ;
6 ,3 ,9 ;
6 ,3 ,9 ;
6 ,3 ,9 ;
6 ,3 ,9 ;
6 ,3 ,9 ;
6 ,3 ,9 ;
6 ,3 ,9 ;
6 ,3 ,9 ;
6 ,3 ,9 ;
6 ,3 ,9 ;
6 ,3 ,9 ;
6 ,3 ,9 ;
6 ,3 ,9 ;
6 ,3 ,9 ;
6 ,3 ,9 ;
6 ,3 ,9 ;
6 ,3 ,9 ;
6 ,3 ,9 ;
6 ,3 ,9 ;
6 ,3 ,9 ;
6 ,5 ,9 ;
6 ,3 ,9 ;
6 ,3 ,9 ;
6 ,7 ,9 ;
6 ,8 ,9 ;
6 ,1 ,9 ;
6 ,1 ,9 ;
6 ,1 ,9 ;
6 ,1 ,9 ;
6 ,1 ,9 ;
6 ,1 ,9 ;
6 ,1 ,9 ;
6 ,1 ,9 ;
6 ,1 ,9 ;
6 ,1 ,9 ;
6 ,1 ,9 ;
6 ,1 ,9 ;
6 ,1 ,9 ;
6 ,1 ,9 ;
6 ,1 ,9 ;
6 ,1 ,9 ;
6 ,1 ,9 ;
6 ,1 ,9 ;
6 ,1 ,9 ;
6 ,1 ,9 ;
6 ,1 ,9 ;
6 ,1 ,9 ;
6 ,1 ,9 ;
6 ,1 ,9 ;
6 ,1 ,9 ;
6 ,1 ,9 ;
6 ,1 ,9 ;
6 ,1 ,9 ;
6 ,1 ,9 ;
6 ,1 ,9 ;
6 ,1 ,9 ;
6 ,1 ,9 ;
6 ,1 ,9 ;
6 ,1 ,9 ;
6 ,1 ,9 ;
6 ,1 ,9 ;
6 ,1 ,9 ;
6 ,1 ,9 ;
6 ,1 ,9 ;
6 ,1 ,9 ;
6 ,1 ,9 ;
6 ,1 ,9 ;
6 ,1 ,9 ;
6 ,1 ,9 ;
6 ,1 ,9 ;
6 ,1 ,9 ;
6 ,1 ,9 ;
6 ,1 ,9 ;
1 ,1 ,9 ;
1 ,1 ,9 ;
1 ,1 ,9 ;
6 ,1 ,9 ;
6 ,1 ,9 ;
6 ,1 ,9 ;
6 ,1 ,9 ;
6 ,1 ,9 ;
6 ,1 ,9 ;
6 ,1 ,9 ;
6 ,1 ,9 ;
6 ,1 ,9 ;
6 ,1 ,9 ;
6 ,1 ,9 ;
6 ,1 ,9 ;
6 ,1 ,9 ;
6 ,1 ,9 ;
6 ,1 ,9 ;
6 ,1 ,9 ;
6 ,1 ,9 ;
6 ,1 ,9 ;
6 ,1 ,9 ;
6 ,1 ,9 ;
6 ,1 ,9 ;
6 ,1 ,9 ;
6 ,1 ,9 ;
6 ,1 ,9 ;
6 ,1 ,9 ;
6 ,1 ,9 ;
6 ,1 ,9 ;
6 ,1 ,9 ;
6 ,1 ,9 ;
6 ,1 ,9 ;
6 ,1 ,9 ;
6 ,1 ,9 ;
6 ,1 ,9 ;
6 ,1 ,9 ;
6 ,1 ,9 ;
6 ,1 ,9 ;
6 ,1 ,9 ;
6 ,1 ,9 ;
6 ,1 ,9 ;
6 ,1 ,9 ;
6 ,1 ,9 ;
6 ,1 ,9 ;
6 ,1 ,9 ;
6 ,1 ,9 ;
6 ,1 ,9 ;
6 ,1 ,9 ;
6 ,1 ,9 ;
6 ,1 ,9 ;
6 ,1 ,9 ;
6 ,1 ,9 ;
6 ,1 ,9 ;
6 ,1 ,9 ;
6 ,1 ,9 ;
6 ,1 ,9 ;
6 ,1 ,9 ;
6 ,1 ,4 ;
6 ,1 ,4 ;
6 ,1 ,7 ;
6 ,1 ,1 ;
6 ,1 ,1 ;
6 ,1 ,1 ;
6 ,1 ,1 ;
6 ,1 ,1 ;
6 ,1 ,1 ;
6 ,1 ,1 ;
6 ,1 ,1 ;
6 ,1 ,1 ;
6 ,1 ,1 ;
6 ,1 ,1 ;
6 ,1 ,1 ;
6 ,1 ,1 ;
5 ,1 ,1 ;
5 ,1 ,1 ;
5 ,1 ,1 ;
5 ,1 ,1 ;
5 ,1 ,1 ;
5 ,1 ,1 ;
5 ,1 ,1 ;
5 ,1 ,1 ;
5 ,1 ,1 ;
5 ,1 ,1 ;
5 ,1 ,1 ;
5 ,1 ,1 ;
5 ,1 ,1 ;
5 ,1 ,1 ;
5 ,1 ,1 ;
5 ,1 ,1 ;
5 ,1 ,1 ;
5 ,1 ,1 ;
5 ,1 ,1 ;
5 ,1 ,1 ;
5 ,1 ,1 ;
5 ,1 ,1 ;
5 ,1 ,1 ;
5 ,1 ,1 ;
5 ,1 ,1 ;
5 ,1 ,1 ;
5 ,1 ,1 ;
5 ,1 ,1 ;
5 ,1 ,1 ;
5 ,1 ,1 ;
5 ,1 ,1 ;
5 ,1 ,1 ;
5 ,1 ,1 ;
5 ,1 ,1 ;
5 ,1 ,1 ;
5 ,1 ,1 ;
5 ,1 ,1 ;
5 ,1 ,1 ;
5 ,1 ,1 ;
5 ,1 ,1 ;
5 ,1 ,1 ;
5 ,1 ,1 ;
5 ,1 ,1 ;
5 ,1 ,1 ;
5 ,1 ,1 ;
5 ,1 ,1 ;
5 ,1 ,1 ;
5 ,1 ,1 ;
5 ,1 ,1 ;
5 ,1 ,1 ;
5 ,1 ,1 ;
5 ,1 ,1 ;
5 ,1 ,1 ;
6 ,1 ,1 ;
6 ,1 ,1 ;
6 ,1 ,1 ;
6 ,1 ,1 ;
6 ,1 ,1 ;
6 ,1 ,1 ;
6 ,1 ,1 ;
6 ,1 ,1 ;
6 ,1 ,1 ;
6 ,1 ,1 ;
6 ,1 ,1 ;
6 ,1 ,1 ;
6 ,1 ,1 ;
6 ,1 ,1 ;
6 ,1 ,1 ;
6 ,1 ,1 ;
6 ,1 ,1 ;
6 ,1 ,1 ;
6 ,1 ,1 ;
6 ,1 ,1 ;
6 ,1 ,1 ;
6 ,1 ,1 ;
6 ,1 ,1 ;
6 ,1 ,1 ;
6 ,1 ,1 ;
6 ,1 ,1 ;
6 ,1 ,1 ;
6 ,1 ,1 ;
6 ,1 ,1 ;
5 ,1 ,1 ;
6 ,1 ,1 ;
6 ,1 ,1 ;
6 ,1 ,1 ;
6 ,1 ,1 ;
6 ,1 ,1 ;
6 ,1 ,1 ;
5 ,1 ,1 ;
5 ,1 ,1 ;
5 ,1 ,1 ;
5 ,1 ,1 ;
5 ,1 ,1 ;
5 ,1 ,1 ;
5 ,1 ,1 ;
5 ,1 ,1 ;
5 ,1 ,1 ;
5 ,1 ,1 ;
5 ,1 ,1 ;
5 ,1 ,1 ;
6 ,1 ,1 ;
6 ,1 ,1 ;
6 ,1 ,1 ;
6 ,1 ,1 ;
6 ,1 ,1 ;
6 ,1 ,1 ;
6 ,1 ,1 ;
6 ,1 ,1 ;
6 ,1 ,1 ;
6 ,1 ,1 ;
6 ,1 ,1 ;
6 ,1 ,1 ;
6 ,1 ,1 ;
6 ,1 ,1 ;
6 ,1 ,1 ;
6 ,1 ,1 ;
6 ,1 ,1 ;
6 ,1 ,1 ;
6 ,1 ,1 ;
6 ,1 ,1 ;
6 ,1 ,1 ;
6 ,1 ,1 ;
6 ,1 ,1 ;
6 ,1 ,1 ;
5 ,1 ,1 ;
5 ,1 ,1 ;
5 ,1 ,1 ;
5 ,1 ,1 ;
5 ,1 ,1 ;
5 ,1 ,1 ;
5 ,1 ,1 ;
5 ,1 ,1 ;
5 ,1 ,1 ;
5 ,1 ,1 ;
5 ,1 ,1 ;
5 ,1 ,1 ;
5 ,1 ,1 ;
5 ,1 ,1 ;
5 ,1 ,1 ;
5 ,1 ,1 ;
5 ,1 ,1 ;
5 ,1 ,1 ;
5 ,1 ,1 ;
5 ,1 ,1 ;
5 ,1 ,1 ;
5 ,1 ,1 ;
5 ,1 ,1 ;
5 ,1 ,1 ;
5 ,1 ,1 ;
5 ,1 ,1 ;
5 ,1 ,1 ;
5 ,1 ,1 ;
5 ,1 ,1 ;
5 ,1 ,1 ;
5 ,1 ,1 ;
5 ,1 ,1 ;
5 ,1 ,1 ;
5 ,1 ,1 ;
5 ,1 ,1 ;
5 ,1 ,1 ;
5 ,1 ,1 ;
5 ,1 ,1 ;
5 ,1 ,1 ;
5 ,1 ,1 ;
5 ,1 ,1 ;
5 ,1 ,1 ;
5 ,1 ,1 ;
5 ,1 ,1 ;
5 ,1 ,1 ;
5 ,1 ,1 ;
5 ,1 ,1 ;
5 ,1 ,1 ;
5 ,1 ,1 ;
5 ,1 ,1 ;
5 ,1 ,1 ;
5 ,1 ,1 ;
5 ,1 ,1 ;
5 ,1 ,1 ;
5 ,1 ,1 ;
5 ,1 ,1 ;
5 ,1 ,1 ;
5 ,1 ,1 ;
5 ,1 ,1 ;
5 ,1 ,1 ;
5 ,1 ,1 ;
5 ,1 ,1 ;
5 ,1 ,1 ;
5 ,1 ,1 ;
5 ,1 ,1 ;
5 ,1 ,1 ;
5 ,1 ,1 ;
5 ,1 ,1 ;
5 ,1 ,1 ;
5 ,1 ,1 ;
5 ,1 ,1 ;
6 ,1 ,1 ;
6 ,1 ,1 ;
6 ,1 ,1 ;
6 ,1 ,1 ;
6 ,1 ,1 ;
5 ,1 ,1 ;
5 ,1 ,1 ;
5 ,1 ,1 ;
5 ,1 ,1 ;
5 ,1 ,1 ;
5 ,1 ,1 ;
5 ,1 ,1 ;
5 ,1 ,1 ;
5 ,1 ,1 ;
5 ,7 ,1 ;
5 ,1 ,1 ;
5 ,3 ,1 ;
5 ,0 ,1 ;
5 ,0 ,1 ;
5 ,0 ,1 ;
5 ,0 ,1 ;
5 ,0 ,1 ;
5 ,0 ,1 ;
5 ,0 ,1 ;
5 ,0 ,1 ;
5 ,0 ,1 ;
5 ,0 ,1 ;
5 ,0 ,1 ;
5 ,0 ,1 ;
5 ,0 ,1 ;
5 ,0 ,1 ;
5 ,0 ,1 ;
5 ,0 ,1 ;
5 ,0 ,1 ;
5 ,0 ,1 ;
5 ,0 ,1 ;
5 ,0 ,1 ;
5 ,0 ,1 ;
5 ,0 ,1 ;
6 ,0 ,1 ;
6 ,0 ,1 ;
6 ,0 ,1 ;
6 ,0 ,1 ;
6 ,0 ,1 ;
6 ,0 ,1 ;
6 ,0 ,1 ;
6 ,0 ,1 ;
6 ,0 ,1 ;
6 ,0 ,1 ;
2 ,0 ,1 ;
2 ,0 ,1 ;
2 ,0 ,1 ;
2 ,0 ,1 ;
2 ,0 ,1 ;
2 ,0 ,1 ;
2 ,0 ,1 ;
2 ,0 ,1 ;
2 ,0 ,1 ;
2 ,0 ,1 ;
2 ,0 ,1 ;
2 ,0 ,1 ;
2 ,0 ,1 ;
2 ,0 ,1 ;
2 ,0 ,1 ;
2 ,0 ,1 ;
2 ,0 ,1 ;
2 ,0 ,1 ;
2 ,0 ,1 ;
2 ,0 ,1 ;
2 ,0 ,1 ;
2 ,0 ,1 ;
2 ,0 ,1 ;
2 ,0 ,1 ;
2 ,0 ,1 ;
2 ,0 ,1 ;
2 ,0 ,1 ;
2 ,0 ,1 ;
2 ,0 ,1 ;
2 ,0 ,1 ;
2 ,0 ,1 ;
2 ,0 ,1 ;
2 ,0 ,1 ;
2 ,0 ,1 ;
2 ,0 ,1 ;
2 ,0 ,1 ;
2 ,0 ,1 ;
2 ,0 ,1 ;
2 ,0 ,1 ;
2 ,0 ,1 ;
2 ,0 ,1 ;
2 ,0 ,1 ;
2 ,0 ,1 ;
2 ,0 ,1 ;
2 ,0 ,1 ;
2 ,0 ,1 ;
2 ,0 ,1 ;
2 ,0 ,1 ;
2 ,0 ,1 ;
2 ,0 ,1 ;
2 ,0 ,1 ;
2 ,0 ,1 ;
2 ,0 ,1 ;
2 ,0 ,1 ;
2 ,0 ,1 ;
2 ,0 ,1 ;
2 ,0 ,1 ;
2 ,0 ,1 ;
2 ,0 ,1 ;
6 ,0 ,1 ;
5 ,0 ,1 ;
5 ,0 ,1 ;
5 ,0 ,1 ;
5 ,0 ,1 ;
5 ,0 ,1 ;
5 ,0 ,1 ;
5 ,0 ,1 ;
5 ,0 ,1 ;
6 ,0 ,1 ;
6 ,0 ,1 ;
6 ,0 ,1 ;
6 ,0 ,1 ;
2 ,0 ,1 ;
2 ,0 ,1 ;
2 ,0 ,1 ;
2 ,0 ,1 ;
2 ,0 ,1 ;
2 ,0 ,1 ;
2 ,0 ,1 ;
2 ,0 ,1 ;
2 ,0 ,1 ;
2 ,0 ,1 ;
2 ,0 ,1 ;
2 ,0 ,1 ;
2 ,0 ,1 ;
2 ,0 ,1 ;
2 ,0 ,1 ;
2 ,0 ,1 ;
2 ,0 ,1 ;
2 ,0 ,1 ;
2 ,0 ,1 ;
2 ,0 ,1 ;
2 ,0 ,1 ;
2 ,0 ,1 ;
2 ,0 ,1 ;
2 ,0 ,1 ;
2 ,0 ,1 ;
2 ,0 ,1 ;
2 ,0 ,1 ;
2 ,0 ,1 ;
2 ,0 ,1 ;
2 ,0 ,1 ;
2 ,0 ,1 ;
2 ,0 ,1 ;
2 ,0 ,1 ;
2 ,0 ,1 ;
2 ,0 ,1 ;
2 ,0 ,1 ;
2 ,0 ,1 ;
2 ,0 ,1 ;
2 ,0 ,1 ;
2 ,0 ,1 ;
2 ,0 ,1 ;
2 ,0 ,1 ;
2 ,0 ,1 ;
2 ,0 ,1 ;
2 ,0 ,1 ;
2 ,0 ,1 ;
2 ,0 ,1 ;
2 ,0 ,1 ;
2 ,0 ,1 ;
2 ,0 ,1 ;
2 ,0 ,1 ;
2 ,0 ,1 ;
2 ,0 ,1 ;
2 ,0 ,1 ;
2 ,0 ,1 ;
2 ,0 ,1 ;
2 ,0 ,1 ;
2 ,0 ,1 ;
2 ,0 ,1 ;
2 ,0 ,1 ;
2 ,0 ,1 ;
2 ,0 ,1 ;
2 ,0 ,1 ;
2 ,0 ,1 ;
2 ,0 ,1 ;
2 ,0 ,1 ;
2 ,0 ,1 ;
2 ,0 ,1 ;
2 ,0 ,1 ;
2 ,0 ,1 ;
2 ,0 ,1 ;
2 ,0 ,1 ;
2 ,0 ,1 ;
2 ,0 ,1 ;
2 ,0 ,1 ;
2 ,0 ,1 ;
2 ,0 ,1 ;
2 ,0 ,1 ;
2 ,0 ,1 ;
2 ,0 ,1 ;
2 ,0 ,1 ;
2 ,0 ,1 ;
2 ,0 ,1 ;
2 ,0 ,1 ;
2 ,0 ,1 ;
2 ,0 ,1 ;
2 ,0 ,1 ;
2 ,0 ,1 ;
2 ,0 ,1 ;
2 ,0 ,1 ;
2 ,0 ,1 ;
2 ,0 ,1 ;
2 ,0 ,1 ;
2 ,0 ,1 ;
2 ,0 ,1 ;
2 ,0 ,1 ;
2 ,0 ,1 ;
2 ,0 ,1 ;
2 ,0 ,1 ;
2 ,0 ,1 ;
2 ,0 ,1 ;
2 ,0 ,1 ;
2 ,0 ,1 ;
2 ,0 ,1 ;
2 ,0 ,1 ;
2 ,0 ,1 ;
5 ,0 ,1 ;
2 ,0 ,1 ;
2 ,0 ,1 ;
2 ,0 ,1 ;
2 ,0 ,1 ;
2 ,0 ,1 ;
2 ,0 ,1 ;
2 ,0 ,1 ;
2 ,0 ,1 ;
2 ,0 ,1 ;
2 ,0 ,1 ;
2 ,0 ,1 ;
2 ,0 ,1 ;
2 ,0 ,1 ;
2 ,0 ,1 ;
2 ,0 ,1 ;
2 ,0 ,1 ;
2 ,0 ,1 ;
2 ,0 ,1 ;
2 ,0 ,1 ;
2 ,0 ,1 ;
2 ,0 ,1 ;
2 ,0 ,1 ;
2 ,0 ,1 ;
2 ,0 ,1 ;
2 ,0 ,1 ;
2 ,0 ,1 ;
2 ,0 ,1 ;
2 ,0 ,1 ;
2 ,0 ,1 ;
2 ,0 ,1 ;
2 ,0 ,1 ;
2 ,0 ,1 ;
2 ,0 ,1 ;
2 ,0 ,1 ;
2 ,0 ,1 ;
2 ,0 ,1 ;
2 ,0 ,1 ;
2 ,0 ,1 ;
2 ,0 ,1 ;
2 ,0 ,1 ;
2 ,0 ,1 ;
2 ,0 ,1 ;
2 ,0 ,1 ;
2 ,0 ,1 ;
2 ,0 ,1 ;
2 ,0 ,1 ;
2 ,0 ,1 ;
2 ,0 ,1 ;
2 ,0 ,1 ;
2 ,0 ,1 ;
2 ,0 ,1 ;
2 ,0 ,1 ;
2 ,0 ,1 ;
2 ,0 ,1 ;
2 ,0 ,1 ;
2 ,0 ,1 ;
2 ,0 ,1 ;
2 ,0 ,1 ;
2 ,0 ,1 ;
2 ,0 ,1 ;
2 ,0 ,1 ;
2 ,0 ,1 ;
2 ,0 ,1 ;
2 ,0 ,1 ;
2 ,0 ,1 ;
2 ,0 ,1 ;
2 ,0 ,1 ;
2 ,0 ,1 ;
2 ,0 ,1 ;
2 ,0 ,1 ;
2 ,0 ,1 ;
2 ,0 ,1 ;
2 ,0 ,1 ;
2 ,0 ,1 ;
2 ,0 ,1 ;
2 ,0 ,1 ;
2 ,0 ,1 ;
2 ,0 ,1 ;
2 ,0 ,1 ;
2 ,0 ,1 ;
2 ,0 ,1 ;
2 ,0 ,1 ;
2 ,0 ,1 ;
2 ,0 ,1 ;
2 ,0 ,1 ;
2 ,0 ,1 ;
2 ,0 ,1 ;
2 ,0 ,1 ;
2 ,0 ,1 ;
2 ,0 ,1 ;
2 ,0 ,1 ;
2 ,0 ,1 ;
2 ,0 ,1 ;
2 ,0 ,1 ;
2 ,0 ,1 ;
2 ,0 ,1 ;
2 ,0 ,1 ;
2 ,0 ,1 ;
2 ,0 ,1 ;
2 ,0 ,1 ;
2 ,0 ,1 ;
2 ,0 ,1 ;
2 ,0 ,1 ;
2 ,0 ,1 ;
2 ,0 ,1 ;
2 ,0 ,1 ;
2 ,0 ,1 ;
2 ,0 ,1 ;
2 ,0 ,1 ;
2 ,0 ,1 ;
2 ,0 ,1 ;
2 ,0 ,1 ;
2 ,0 ,1 ;
2 ,0 ,1 ;
2 ,0 ,1 ;
2 ,0 ,1 ;
2 ,0 ,1 ;
2 ,0 ,1 ;
2 ,0 ,1 ;
2 ,0 ,1 ;
2 ,0 ,1 ;
2 ,0 ,1 ;
2 ,0 ,1 ;
2 ,0 ,1 ;
2 ,0 ,1 ;
2 ,0 ,1 ;
2 ,0 ,1 ;
2 ,0 ,1 ;
2 ,0 ,1 ;
2 ,0 ,1 ;
2 ,0 ,1 ;
2 ,0 ,1 ;
2 ,0 ,1 ;
2 ,0 ,1 ;
2 ,0 ,1 ;
2 ,0 ,1 ;
2 ,0 ,1 ;
2 ,0 ,1 ;
2 ,0 ,1 ;
2 ,0 ,1 ;
2 ,0 ,1 ;
2 ,0 ,1 ;
2 ,0 ,1 ;
2 ,0 ,1 ;
2 ,0 ,1 ;
2 ,0 ,1 ;
6 ,0 ,1 ;
6 ,0 ,1 ;
6 ,0 ,1 ;
6 ,0 ,1 ;
6 ,0 ,1 ;
6 ,0 ,1 ;
6 ,0 ,1 ;
6 ,0 ,1 ;
6 ,0 ,1 ;
6 ,0 ,1 ;
6 ,0 ,1 ;
6 ,0 ,1 ;
6 ,0 ,1 ;
6 ,0 ,1 ;
6 ,0 ,1 ;
6 ,0 ,1 ;
6 ,0 ,1 ;
6 ,0 ,1 ;
6 ,0 ,1 ;
6 ,0 ,1 ;
6 ,0 ,1 ;
6 ,0 ,1 ;
6 ,0 ,1 ;
6 ,0 ,1 ;
6 ,0 ,1 ;
6 ,0 ,1 ;
6 ,0 ,1 ;
6 ,0 ,1 ;
6 ,0 ,1 ;
6 ,0 ,1 ;
6 ,0 ,1 ;
6 ,0 ,1 ;
6 ,0 ,1 ;
6 ,0 ,1 ;
6 ,0 ,1 ;
6 ,0 ,1 ;
6 ,0 ,1 ;
6 ,0 ,1 ;
2 ,0 ,1 ;
2 ,0 ,1 ;
2 ,0 ,1 ;
6 ,0 ,1 ;
2 ,0 ,1 ;
2 ,0 ,1 ;
2 ,0 ,1 ;
2 ,0 ,1 ;
2 ,0 ,1 ;
2 ,0 ,1 ;
2 ,0 ,1 ;
2 ,0 ,1 ;
2 ,0 ,1 ;
2 ,0 ,1 ;
6 ,0 ,1 ;
5 ,0 ,1 ;
5 ,0 ,1 ;
5 ,0 ,1 ;
5 ,0 ,1 ;
5 ,0 ,1 ;
5 ,0 ,1 ;
5 ,0 ,1 ;
5 ,0 ,1 ;
5 ,0 ,1 ;
5 ,0 ,1 ;
5 ,0 ,1 ;
5 ,0 ,1 ;
5 ,0 ,1 ;
5 ,0 ,1 ;
5 ,0 ,1 ;
5 ,0 ,1 ;
5 ,0 ,1 ;
5 ,0 ,1 ;
5 ,0 ,1 ;
5 ,0 ,1 ;
5 ,0 ,1 ;
5 ,0 ,1 ;
5 ,0 ,1 ;
5 ,0 ,1 ;
5 ,0 ,1 ;
5 ,0 ,1 ;
5 ,0 ,1 ;
5 ,0 ,1 ;
5 ,0 ,1 ;
5 ,0 ,1 ;
5 ,0 ,1 ;
5 ,0 ,1 ;
5 ,0 ,1 ;
5 ,0 ,1 ;
5 ,0 ,1 ;
5 ,0 ,1 ;
5 ,0 ,1 ;
5 ,0 ,1 ;
5 ,0 ,1 ;
5 ,0 ,1 ;
5 ,0 ,1 ;
5 ,0 ,1 ;
5 ,0 ,1 ;
5 ,0 ,1 ;
5 ,0 ,1 ;
5 ,0 ,1 ;
5 ,0 ,1 ;
5 ,0 ,1 ;
5 ,0 ,1 ;
5 ,0 ,1 ;
5 ,0 ,1 ;
5 ,0 ,1 ;
5 ,0 ,1 ;
5 ,0 ,1 ;
5 ,0 ,1 ;
5 ,0 ,1 ;
5 ,0 ,1 ;
5 ,0 ,1 ;
5 ,0 ,1 ;
5 ,0 ,1 ;
5 ,0 ,1 ;
5 ,0 ,1 ;
5 ,0 ,1 ;
5 ,0 ,1 ;
5 ,0 ,1 ;
5 ,0 ,1 ;
5 ,0 ,1 ;
5 ,0 ,1 ;
5 ,0 ,1 ;
5 ,0 ,1 ;
5 ,0 ,1 ;
5 ,0 ,1 ;
5 ,0 ,1 ;
5 ,0 ,1 ;
5 ,0 ,1 ;
