8 ,5 ,9 ;
7 ,4 ,9 ;
1 ,4 ,9 ;
1 ,4 ,9 ;
1 ,4 ,9 ;
1 ,1 ,3 ;
1 ,1 ,3 ;
1 ,6 ,3 ;
1 ,0 ,9 ;
3 ,8 ,9 ;
3 ,5 ,7 ;
3 ,5 ,7 ;
3 ,5 ,7 ;
3 ,0 ,8 ;
6 ,9 ,8 ;
6 ,9 ,8 ;
6 ,9 ,8 ;
6 ,9 ,8 ;
6 ,6 ,8 ;
6 ,6 ,8 ;
6 ,6 ,8 ;
6 ,6 ,8 ;
6 ,6 ,8 ;
6 ,9 ,8 ;
6 ,9 ,8 ;
6 ,9 ,8 ;
6 ,9 ,8 ;
6 ,9 ,8 ;
6 ,9 ,8 ;
6 ,9 ,8 ;
6 ,9 ,8 ;
6 ,9 ,8 ;
6 ,9 ,2 ;
6 ,9 ,3 ;
6 ,9 ,3 ;
6 ,9 ,3 ;
6 ,9 ,9 ;
6 ,9 ,9 ;
6 ,9 ,9 ;
6 ,9 ,9 ;
6 ,9 ,9 ;
6 ,9 ,9 ;
6 ,9 ,9 ;
6 ,9 ,9 ;
6 ,9 ,9 ;
6 ,9 ,9 ;
6 ,9 ,9 ;
6 ,9 ,9 ;
6 ,9 ,9 ;
6 ,9 ,9 ;
6 ,9 ,9 ;
6 ,9 ,9 ;
6 ,9 ,9 ;
6 ,9 ,9 ;
6 ,9 ,9 ;
6 ,9 ,9 ;
6 ,9 ,9 ;
6 ,9 ,9 ;
6 ,9 ,9 ;
6 ,9 ,9 ;
6 ,9 ,9 ;
6 ,9 ,9 ;
6 ,9 ,9 ;
6 ,9 ,9 ;
6 ,9 ,9 ;
6 ,9 ,9 ;
6 ,9 ,9 ;
6 ,9 ,9 ;
6 ,9 ,9 ;
6 ,9 ,9 ;
6 ,9 ,9 ;
6 ,9 ,9 ;
6 ,9 ,9 ;
6 ,9 ,9 ;
6 ,9 ,9 ;
6 ,9 ,9 ;
6 ,9 ,9 ;
6 ,9 ,9 ;
6 ,9 ,9 ;
6 ,9 ,9 ;
6 ,9 ,9 ;
5 ,9 ,9 ;
5 ,9 ,9 ;
5 ,9 ,9 ;
5 ,9 ,9 ;
5 ,9 ,9 ;
5 ,9 ,9 ;
5 ,9 ,9 ;
5 ,9 ,9 ;
5 ,2 ,9 ;
5 ,5 ,9 ;
5 ,4 ,9 ;
5 ,4 ,9 ;
5 ,4 ,9 ;
5 ,4 ,9 ;
5 ,4 ,9 ;
5 ,4 ,9 ;
5 ,4 ,9 ;
5 ,1 ,9 ;
5 ,1 ,9 ;
5 ,1 ,9 ;
5 ,1 ,9 ;
5 ,1 ,8 ;
5 ,1 ,5 ;
5 ,1 ,8 ;
5 ,1 ,5 ;
5 ,1 ,4 ;
5 ,1 ,1 ;
5 ,1 ,1 ;
5 ,1 ,1 ;
2 ,1 ,1 ;
1 ,1 ,1 ;
6 ,1 ,1 ;
6 ,1 ,1 ;
5 ,1 ,1 ;
5 ,1 ,1 ;
5 ,1 ,1 ;
5 ,1 ,1 ;
5 ,1 ,1 ;
5 ,1 ,1 ;
5 ,1 ,1 ;
5 ,1 ,1 ;
5 ,1 ,1 ;
5 ,1 ,1 ;
5 ,1 ,1 ;
5 ,1 ,1 ;
5 ,1 ,1 ;
5 ,1 ,1 ;
5 ,1 ,1 ;
5 ,1 ,1 ;
5 ,1 ,1 ;
5 ,1 ,1 ;
5 ,1 ,1 ;
5 ,1 ,1 ;
5 ,1 ,1 ;
5 ,1 ,1 ;
5 ,1 ,1 ;
5 ,1 ,1 ;
5 ,1 ,1 ;
5 ,1 ,1 ;
5 ,1 ,1 ;
5 ,1 ,1 ;
5 ,1 ,1 ;
5 ,1 ,1 ;
5 ,1 ,1 ;
5 ,1 ,1 ;
5 ,1 ,1 ;
5 ,1 ,1 ;
5 ,1 ,1 ;
5 ,1 ,1 ;
5 ,1 ,1 ;
5 ,1 ,1 ;
5 ,1 ,1 ;
5 ,1 ,1 ;
5 ,1 ,1 ;
5 ,1 ,1 ;
5 ,1 ,1 ;
5 ,1 ,1 ;
5 ,1 ,1 ;
5 ,1 ,1 ;
5 ,1 ,1 ;
5 ,1 ,1 ;
5 ,1 ,1 ;
5 ,1 ,1 ;
5 ,1 ,1 ;
5 ,1 ,1 ;
5 ,1 ,1 ;
5 ,1 ,1 ;
5 ,1 ,1 ;
5 ,1 ,1 ;
5 ,1 ,1 ;
5 ,1 ,1 ;
5 ,1 ,1 ;
5 ,1 ,1 ;
5 ,1 ,1 ;
5 ,1 ,1 ;
5 ,1 ,1 ;
5 ,1 ,1 ;
5 ,1 ,1 ;
5 ,1 ,1 ;
5 ,1 ,1 ;
5 ,1 ,1 ;
5 ,1 ,1 ;
5 ,1 ,1 ;
6 ,1 ,1 ;
6 ,1 ,1 ;
2 ,1 ,1 ;
2 ,1 ,1 ;
2 ,1 ,1 ;
2 ,1 ,1 ;
2 ,1 ,1 ;
2 ,1 ,1 ;
5 ,1 ,1 ;
5 ,1 ,1 ;
5 ,1 ,1 ;
5 ,1 ,1 ;
5 ,1 ,1 ;
5 ,1 ,1 ;
5 ,1 ,1 ;
5 ,1 ,1 ;
5 ,1 ,1 ;
5 ,1 ,1 ;
5 ,1 ,1 ;
5 ,1 ,1 ;
5 ,1 ,1 ;
5 ,1 ,1 ;
5 ,1 ,1 ;
5 ,1 ,1 ;
5 ,1 ,1 ;
5 ,1 ,1 ;
5 ,1 ,1 ;
5 ,1 ,1 ;
5 ,1 ,1 ;
5 ,1 ,1 ;
5 ,1 ,1 ;
5 ,1 ,1 ;
5 ,1 ,1 ;
5 ,1 ,1 ;
5 ,1 ,1 ;
5 ,1 ,1 ;
5 ,1 ,1 ;
5 ,1 ,1 ;
5 ,1 ,1 ;
5 ,1 ,1 ;
5 ,1 ,1 ;
5 ,1 ,1 ;
5 ,1 ,1 ;
5 ,1 ,1 ;
5 ,1 ,1 ;
5 ,1 ,1 ;
5 ,1 ,1 ;
5 ,1 ,1 ;
5 ,1 ,1 ;
5 ,1 ,1 ;
5 ,1 ,1 ;
5 ,1 ,1 ;
5 ,1 ,1 ;
5 ,1 ,1 ;
5 ,1 ,1 ;
5 ,1 ,1 ;
5 ,1 ,1 ;
5 ,1 ,1 ;
5 ,1 ,1 ;
5 ,1 ,1 ;
5 ,1 ,1 ;
5 ,1 ,1 ;
5 ,1 ,1 ;
5 ,1 ,1 ;
5 ,1 ,1 ;
5 ,1 ,1 ;
5 ,1 ,1 ;
5 ,1 ,1 ;
5 ,1 ,1 ;
5 ,1 ,1 ;
2 ,1 ,1 ;
2 ,1 ,1 ;
2 ,1 ,1 ;
2 ,1 ,1 ;
2 ,1 ,1 ;
2 ,1 ,1 ;
2 ,1 ,1 ;
2 ,1 ,1 ;
2 ,1 ,1 ;
2 ,1 ,1 ;
2 ,1 ,1 ;
5 ,1 ,1 ;
5 ,1 ,1 ;
5 ,1 ,1 ;
5 ,1 ,1 ;
5 ,1 ,1 ;
5 ,1 ,1 ;
5 ,1 ,1 ;
5 ,1 ,1 ;
2 ,1 ,1 ;
5 ,1 ,1 ;
5 ,1 ,1 ;
5 ,1 ,1 ;
5 ,1 ,1 ;
5 ,1 ,1 ;
5 ,1 ,1 ;
5 ,1 ,1 ;
5 ,1 ,1 ;
5 ,1 ,1 ;
5 ,1 ,1 ;
5 ,1 ,1 ;
5 ,1 ,1 ;
5 ,1 ,1 ;
5 ,1 ,1 ;
5 ,1 ,1 ;
5 ,1 ,1 ;
5 ,1 ,1 ;
5 ,1 ,1 ;
5 ,1 ,1 ;
5 ,1 ,1 ;
5 ,1 ,1 ;
5 ,1 ,1 ;
5 ,1 ,1 ;
5 ,1 ,1 ;
5 ,1 ,1 ;
5 ,1 ,1 ;
5 ,1 ,1 ;
5 ,1 ,1 ;
5 ,1 ,1 ;
5 ,1 ,1 ;
5 ,1 ,1 ;
5 ,1 ,1 ;
5 ,1 ,1 ;
5 ,1 ,1 ;
5 ,1 ,1 ;
5 ,1 ,1 ;
5 ,1 ,1 ;
5 ,1 ,1 ;
5 ,1 ,1 ;
5 ,1 ,1 ;
5 ,1 ,1 ;
5 ,1 ,1 ;
5 ,1 ,1 ;
5 ,1 ,1 ;
5 ,1 ,1 ;
5 ,1 ,1 ;
5 ,1 ,1 ;
2 ,1 ,1 ;
2 ,1 ,1 ;
2 ,1 ,1 ;
2 ,1 ,1 ;
2 ,1 ,1 ;
2 ,1 ,1 ;
2 ,1 ,1 ;
2 ,1 ,1 ;
2 ,1 ,1 ;
2 ,1 ,1 ;
2 ,1 ,1 ;
2 ,1 ,1 ;
2 ,1 ,1 ;
2 ,1 ,1 ;
2 ,1 ,1 ;
5 ,1 ,1 ;
5 ,1 ,1 ;
5 ,1 ,1 ;
2 ,1 ,1 ;
5 ,1 ,1 ;
5 ,1 ,1 ;
5 ,1 ,1 ;
5 ,1 ,1 ;
5 ,1 ,1 ;
5 ,1 ,1 ;
5 ,1 ,1 ;
5 ,1 ,1 ;
5 ,1 ,1 ;
5 ,1 ,1 ;
5 ,1 ,1 ;
5 ,1 ,1 ;
5 ,1 ,1 ;
5 ,1 ,1 ;
5 ,1 ,1 ;
5 ,1 ,1 ;
5 ,1 ,1 ;
5 ,1 ,1 ;
5 ,1 ,1 ;
5 ,1 ,1 ;
5 ,1 ,1 ;
5 ,1 ,1 ;
5 ,1 ,1 ;
5 ,1 ,1 ;
5 ,1 ,1 ;
5 ,1 ,1 ;
5 ,1 ,1 ;
5 ,1 ,1 ;
5 ,1 ,1 ;
5 ,1 ,1 ;
5 ,1 ,1 ;
5 ,1 ,1 ;
5 ,1 ,1 ;
5 ,1 ,1 ;
5 ,1 ,1 ;
5 ,1 ,1 ;
5 ,1 ,1 ;
5 ,1 ,1 ;
5 ,1 ,1 ;
5 ,1 ,1 ;
5 ,1 ,1 ;
5 ,1 ,1 ;
5 ,1 ,1 ;
5 ,1 ,1 ;
5 ,1 ,1 ;
5 ,1 ,1 ;
5 ,1 ,1 ;
5 ,1 ,1 ;
2 ,1 ,1 ;
2 ,1 ,1 ;
2 ,1 ,1 ;
2 ,1 ,1 ;
2 ,1 ,1 ;
2 ,1 ,1 ;
2 ,1 ,1 ;
2 ,1 ,1 ;
2 ,1 ,1 ;
2 ,1 ,1 ;
2 ,1 ,1 ;
2 ,1 ,1 ;
2 ,1 ,1 ;
2 ,1 ,1 ;
2 ,1 ,1 ;
2 ,1 ,1 ;
2 ,1 ,1 ;
2 ,1 ,1 ;
2 ,1 ,1 ;
2 ,1 ,1 ;
2 ,1 ,1 ;
2 ,1 ,1 ;
2 ,1 ,1 ;
2 ,1 ,1 ;
2 ,1 ,1 ;
2 ,1 ,1 ;
2 ,1 ,1 ;
2 ,1 ,1 ;
2 ,1 ,1 ;
2 ,1 ,1 ;
2 ,1 ,1 ;
2 ,1 ,1 ;
2 ,1 ,1 ;
2 ,1 ,1 ;
2 ,1 ,1 ;
2 ,1 ,1 ;
1 ,1 ,1 ;
5 ,1 ,1 ;
0 ,1 ,1 ;
6 ,1 ,1 ;
6 ,1 ,1 ;
6 ,1 ,1 ;
6 ,1 ,1 ;
6 ,0 ,1 ;
6 ,0 ,1 ;
6 ,0 ,1 ;
6 ,0 ,1 ;
6 ,0 ,1 ;
1 ,0 ,1 ;
6 ,0 ,1 ;
6 ,0 ,1 ;
6 ,0 ,1 ;
6 ,0 ,1 ;
6 ,0 ,1 ;
6 ,0 ,1 ;
6 ,0 ,1 ;
6 ,0 ,1 ;
6 ,0 ,1 ;
6 ,0 ,1 ;
6 ,0 ,1 ;
6 ,0 ,1 ;
6 ,0 ,1 ;
6 ,0 ,1 ;
6 ,0 ,1 ;
6 ,0 ,1 ;
6 ,0 ,1 ;
6 ,0 ,1 ;
6 ,0 ,1 ;
6 ,0 ,1 ;
6 ,0 ,1 ;
6 ,0 ,1 ;
6 ,0 ,1 ;
6 ,0 ,1 ;
6 ,0 ,1 ;
6 ,0 ,1 ;
6 ,0 ,1 ;
6 ,0 ,1 ;
6 ,0 ,1 ;
6 ,0 ,1 ;
6 ,0 ,1 ;
6 ,0 ,1 ;
2 ,0 ,1 ;
2 ,0 ,1 ;
2 ,0 ,1 ;
2 ,0 ,1 ;
2 ,0 ,1 ;
2 ,0 ,1 ;
2 ,0 ,1 ;
2 ,0 ,1 ;
2 ,0 ,1 ;
2 ,0 ,1 ;
2 ,0 ,1 ;
2 ,0 ,1 ;
2 ,0 ,1 ;
2 ,0 ,1 ;
2 ,0 ,1 ;
2 ,0 ,1 ;
2 ,0 ,1 ;
2 ,0 ,1 ;
2 ,0 ,1 ;
2 ,0 ,1 ;
2 ,0 ,1 ;
2 ,0 ,1 ;
2 ,0 ,1 ;
2 ,0 ,1 ;
2 ,0 ,1 ;
2 ,0 ,1 ;
2 ,0 ,1 ;
2 ,0 ,1 ;
2 ,0 ,1 ;
2 ,0 ,1 ;
2 ,0 ,1 ;
2 ,0 ,1 ;
2 ,0 ,1 ;
2 ,0 ,1 ;
2 ,0 ,1 ;
2 ,0 ,1 ;
2 ,0 ,1 ;
2 ,0 ,1 ;
2 ,0 ,1 ;
2 ,0 ,1 ;
2 ,0 ,1 ;
2 ,0 ,1 ;
2 ,0 ,1 ;
2 ,0 ,1 ;
2 ,0 ,1 ;
2 ,0 ,1 ;
2 ,0 ,1 ;
2 ,0 ,1 ;
2 ,0 ,1 ;
2 ,0 ,1 ;
2 ,0 ,1 ;
2 ,0 ,1 ;
2 ,0 ,1 ;
2 ,0 ,1 ;
2 ,0 ,1 ;
2 ,0 ,1 ;
2 ,0 ,1 ;
2 ,0 ,1 ;
2 ,0 ,1 ;
2 ,0 ,1 ;
2 ,0 ,1 ;
2 ,0 ,1 ;
2 ,0 ,1 ;
2 ,0 ,1 ;
2 ,0 ,1 ;
2 ,0 ,1 ;
2 ,0 ,1 ;
2 ,0 ,1 ;
2 ,0 ,1 ;
2 ,0 ,1 ;
2 ,0 ,1 ;
2 ,0 ,1 ;
2 ,0 ,1 ;
2 ,0 ,1 ;
2 ,0 ,1 ;
2 ,0 ,1 ;
2 ,0 ,1 ;
2 ,0 ,1 ;
2 ,0 ,1 ;
2 ,0 ,1 ;
2 ,0 ,1 ;
2 ,0 ,1 ;
2 ,0 ,1 ;
2 ,0 ,1 ;
2 ,0 ,1 ;
2 ,0 ,1 ;
2 ,0 ,1 ;
2 ,0 ,1 ;
2 ,0 ,1 ;
2 ,0 ,1 ;
2 ,0 ,1 ;
2 ,0 ,1 ;
2 ,0 ,1 ;
2 ,0 ,1 ;
2 ,0 ,1 ;
2 ,0 ,1 ;
2 ,0 ,1 ;
2 ,0 ,1 ;
2 ,0 ,1 ;
2 ,0 ,1 ;
2 ,0 ,1 ;
2 ,0 ,1 ;
2 ,0 ,1 ;
2 ,0 ,1 ;
2 ,0 ,1 ;
2 ,0 ,1 ;
2 ,0 ,1 ;
2 ,0 ,1 ;
2 ,0 ,1 ;
2 ,0 ,1 ;
2 ,0 ,1 ;
2 ,0 ,1 ;
2 ,0 ,1 ;
2 ,0 ,1 ;
2 ,0 ,1 ;
2 ,0 ,1 ;
2 ,0 ,1 ;
2 ,0 ,1 ;
2 ,0 ,1 ;
2 ,0 ,1 ;
2 ,0 ,1 ;
2 ,0 ,1 ;
2 ,0 ,1 ;
2 ,0 ,1 ;
2 ,0 ,1 ;
2 ,0 ,1 ;
2 ,0 ,1 ;
2 ,0 ,1 ;
2 ,0 ,1 ;
2 ,0 ,1 ;
2 ,0 ,1 ;
2 ,0 ,1 ;
2 ,0 ,1 ;
2 ,0 ,1 ;
2 ,0 ,1 ;
2 ,0 ,1 ;
2 ,0 ,1 ;
2 ,0 ,1 ;
2 ,0 ,1 ;
2 ,0 ,1 ;
2 ,0 ,1 ;
2 ,0 ,1 ;
2 ,0 ,1 ;
2 ,0 ,1 ;
2 ,0 ,1 ;
2 ,0 ,1 ;
2 ,0 ,1 ;
2 ,0 ,1 ;
2 ,0 ,1 ;
2 ,0 ,1 ;
2 ,0 ,1 ;
2 ,0 ,1 ;
2 ,0 ,1 ;
2 ,0 ,1 ;
2 ,0 ,1 ;
2 ,0 ,1 ;
2 ,0 ,1 ;
2 ,0 ,1 ;
2 ,0 ,1 ;
2 ,0 ,1 ;
2 ,0 ,1 ;
2 ,0 ,1 ;
2 ,0 ,1 ;
2 ,0 ,1 ;
2 ,0 ,1 ;
2 ,0 ,1 ;
2 ,0 ,1 ;
2 ,0 ,1 ;
2 ,0 ,1 ;
2 ,0 ,1 ;
2 ,0 ,1 ;
2 ,0 ,1 ;
2 ,0 ,1 ;
2 ,0 ,1 ;
2 ,0 ,1 ;
2 ,0 ,1 ;
2 ,0 ,1 ;
2 ,0 ,1 ;
2 ,0 ,1 ;
2 ,0 ,1 ;
2 ,0 ,1 ;
2 ,0 ,1 ;
2 ,0 ,1 ;
2 ,0 ,1 ;
2 ,0 ,1 ;
2 ,0 ,1 ;
2 ,0 ,1 ;
2 ,0 ,1 ;
2 ,0 ,1 ;
2 ,0 ,1 ;
2 ,0 ,1 ;
2 ,0 ,1 ;
2 ,0 ,1 ;
2 ,0 ,1 ;
2 ,0 ,1 ;
2 ,0 ,1 ;
2 ,0 ,1 ;
2 ,0 ,1 ;
2 ,0 ,1 ;
2 ,0 ,1 ;
2 ,0 ,1 ;
2 ,0 ,1 ;
2 ,0 ,1 ;
2 ,0 ,1 ;
2 ,0 ,1 ;
2 ,0 ,1 ;
2 ,0 ,1 ;
2 ,0 ,1 ;
2 ,0 ,1 ;
2 ,0 ,1 ;
2 ,0 ,1 ;
2 ,0 ,1 ;
2 ,0 ,1 ;
2 ,0 ,1 ;
2 ,0 ,1 ;
2 ,0 ,1 ;
2 ,0 ,1 ;
2 ,0 ,1 ;
2 ,0 ,1 ;
2 ,0 ,1 ;
2 ,0 ,1 ;
2 ,0 ,1 ;
2 ,0 ,1 ;
2 ,0 ,1 ;
2 ,0 ,1 ;
2 ,0 ,1 ;
2 ,0 ,1 ;
2 ,0 ,1 ;
2 ,0 ,1 ;
2 ,0 ,1 ;
2 ,0 ,1 ;
2 ,0 ,1 ;
2 ,0 ,1 ;
2 ,0 ,1 ;
2 ,0 ,1 ;
2 ,0 ,1 ;
2 ,0 ,1 ;
2 ,0 ,1 ;
2 ,0 ,1 ;
2 ,0 ,1 ;
2 ,0 ,1 ;
2 ,0 ,1 ;
2 ,0 ,1 ;
2 ,0 ,1 ;
2 ,0 ,1 ;
2 ,0 ,1 ;
2 ,0 ,1 ;
2 ,0 ,1 ;
2 ,0 ,1 ;
2 ,0 ,1 ;
2 ,0 ,1 ;
2 ,0 ,1 ;
2 ,0 ,1 ;
2 ,0 ,1 ;
2 ,0 ,1 ;
2 ,0 ,1 ;
2 ,0 ,1 ;
2 ,0 ,1 ;
2 ,0 ,1 ;
2 ,0 ,1 ;
2 ,0 ,1 ;
2 ,0 ,1 ;
2 ,0 ,1 ;
2 ,0 ,1 ;
2 ,0 ,1 ;
2 ,0 ,1 ;
2 ,0 ,1 ;
2 ,0 ,1 ;
2 ,0 ,1 ;
2 ,0 ,1 ;
2 ,0 ,1 ;
2 ,0 ,1 ;
2 ,0 ,1 ;
2 ,0 ,1 ;
2 ,0 ,1 ;
2 ,0 ,1 ;
2 ,0 ,1 ;
2 ,0 ,1 ;
2 ,0 ,1 ;
2 ,0 ,1 ;
2 ,0 ,1 ;
2 ,0 ,1 ;
2 ,0 ,1 ;
2 ,0 ,1 ;
2 ,0 ,1 ;
2 ,0 ,1 ;
2 ,0 ,1 ;
2 ,0 ,1 ;
2 ,0 ,1 ;
2 ,0 ,1 ;
2 ,0 ,1 ;
2 ,0 ,1 ;
2 ,0 ,1 ;
2 ,0 ,1 ;
2 ,0 ,1 ;
2 ,0 ,1 ;
2 ,0 ,1 ;
2 ,0 ,1 ;
2 ,0 ,1 ;
5 ,0 ,1 ;
5 ,0 ,1 ;
5 ,0 ,1 ;
5 ,0 ,1 ;
5 ,0 ,1 ;
5 ,0 ,1 ;
5 ,0 ,1 ;
5 ,0 ,1 ;
5 ,0 ,1 ;
5 ,0 ,1 ;
5 ,0 ,1 ;
2 ,0 ,1 ;
2 ,0 ,1 ;
2 ,0 ,1 ;
2 ,0 ,1 ;
2 ,0 ,1 ;
2 ,0 ,1 ;
2 ,0 ,1 ;
2 ,0 ,1 ;
2 ,0 ,1 ;
2 ,0 ,1 ;
2 ,0 ,1 ;
2 ,0 ,1 ;
2 ,0 ,1 ;
2 ,0 ,1 ;
2 ,0 ,1 ;
2 ,0 ,1 ;
2 ,0 ,1 ;
2 ,0 ,1 ;
5 ,0 ,1 ;
5 ,0 ,1 ;
2 ,0 ,1 ;
2 ,0 ,1 ;
2 ,0 ,1 ;
2 ,0 ,1 ;
5 ,0 ,1 ;
5 ,0 ,1 ;
2 ,0 ,1 ;
2 ,0 ,1 ;
2 ,0 ,1 ;
5 ,0 ,1 ;
5 ,0 ,1 ;
5 ,0 ,1 ;
5 ,0 ,1 ;
5 ,0 ,1 ;
5 ,0 ,1 ;
5 ,0 ,1 ;
5 ,0 ,1 ;
5 ,0 ,1 ;
5 ,0 ,1 ;
5 ,0 ,1 ;
5 ,0 ,1 ;
5 ,0 ,1 ;
5 ,0 ,1 ;
5 ,0 ,1 ;
5 ,0 ,1 ;
5 ,0 ,1 ;
5 ,0 ,1 ;
5 ,0 ,1 ;
5 ,0 ,1 ;
5 ,0 ,1 ;
5 ,0 ,1 ;
5 ,0 ,1 ;
5 ,0 ,1 ;
5 ,0 ,1 ;
5 ,0 ,1 ;
5 ,0 ,1 ;
5 ,0 ,1 ;
5 ,0 ,1 ;
5 ,0 ,1 ;
5 ,0 ,1 ;
5 ,0 ,1 ;
5 ,0 ,1 ;
5 ,0 ,1 ;
5 ,0 ,1 ;
5 ,0 ,1 ;
5 ,0 ,1 ;
5 ,0 ,1 ;
5 ,0 ,1 ;
5 ,0 ,1 ;
5 ,0 ,1 ;
5 ,0 ,1 ;
5 ,0 ,1 ;
5 ,0 ,1 ;
5 ,0 ,1 ;
5 ,0 ,1 ;
5 ,0 ,1 ;
5 ,0 ,1 ;
5 ,0 ,1 ;
5 ,0 ,1 ;
5 ,0 ,1 ;
5 ,0 ,1 ;
5 ,0 ,1 ;
5 ,0 ,1 ;
5 ,0 ,1 ;
5 ,0 ,1 ;
5 ,0 ,1 ;
5 ,0 ,1 ;
5 ,0 ,1 ;
5 ,0 ,1 ;
5 ,0 ,1 ;
5 ,0 ,1 ;
5 ,0 ,1 ;
5 ,0 ,1 ;
5 ,0 ,1 ;
5 ,0 ,1 ;
5 ,0 ,1 ;
5 ,0 ,1 ;
5 ,0 ,1 ;
5 ,0 ,1 ;
5 ,0 ,1 ;
5 ,0 ,1 ;
5 ,0 ,1 ;
5 ,0 ,1 ;
5 ,0 ,1 ;
5 ,0 ,1 ;
5 ,0 ,1 ;
5 ,0 ,1 ;
5 ,0 ,1 ;
5 ,0 ,1 ;
5 ,0 ,1 ;
